rs,chrom,pos,maf_subset,beta,se,t,p,chi2,fdr_bh,p_bonferroni
100018152|F|0-62:T>C-62:T>C,,,0.18947368421052632,164.80119289605634,51.69542015488742,3.1879263656681123,0.0019713245198862035,10.1628745129219,0.9478271338720807,1.0
100015576|F|0-58:G>T-58:G>T,,,0.12105263157894737,166.37043910992043,53.05294638888425,3.135932128828544,0.0023145091468617833,9.834070316619126,0.9478271338720807,1.0
100015112|F|0-61:C>T-61:C>T,,,0.45789473684210524,103.8634359399256,33.94087092887918,3.060128779770103,0.002915475687279339,9.364388148777259,0.9478271338720807,1.0
100020803|F|0-42:G>T-42:G>T,,,0.06179775280898877,192.09432571223897,63.57544230669116,3.021517723550647,0.0032744855836844464,9.129569353730686,0.9478271338720807,1.0
100058965|F|0-54:C>G-54:C>G,,,0.46842105263157896,130.86220673523968,43.629525162121475,2.9993956214048456,0.003498209932465104,8.99637409370256,0.9478271338720807,1.0
100015577|F|0-62:A>G-62:A>G,,,0.12105263157894737,-217.13360299481297,72.57591001229454,-2.9918137155707725,0.00357808527348251,8.95094930867739,0.9478271338720807,1.0
100048696|F|0-28:G>C-28:G>C,,,0.08421052631578947,197.04593540575667,69.24920629570249,2.845461283185639,0.005490733146416181,8.096649914108465,0.9478271338720807,1.0
100033543|F|0-14:C>T-14:C>T,,,0.06315789473684211,-186.42716230131987,68.03542249723867,-2.740148520557601,0.007405327213657485,7.508413914714009,0.9478271338720807,1.0
100040372|F|0-42:A>T-42:A>T,,,0.23404255319148937,-117.98291191080557,43.08694397876337,-2.7382520321923227,0.007444805311554333,7.498024191805385,0.9478271338720807,1.0
100032947|F|0-56:G>C-56:G>C,,,0.24193548387096775,116.03274020298164,43.36362962435199,2.6758078419206037,0.008856801918556286,7.159947606883799,0.9478271338720807,1.0
100054559|F|0-34:G>C-34:G>C,,,0.11290322580645162,124.7679679720739,46.83708108511191,2.663871553937076,0.009152923458380723,7.096211655875132,0.9478271338720807,1.0
100041207|F|0-27:C>A-27:C>A,,,0.23157894736842105,-101.21539793868047,38.85934511001349,-2.6046604144288246,0.010758947140166902,6.784255874492536,0.9478271338720807,1.0
100021275|F|0-33:T>A-33:T>A,,,0.42105263157894735,-95.73436149133562,37.27850704835357,-2.5680846437106393,0.011874172324005897,6.595058737262401,0.9478271338720807,1.0
100017523|F|0-41:C>T-41:C>T,,,0.49473684210526314,108.87606834844382,42.81824549839956,2.5427494069674887,0.012706671654418664,6.4655745466335155,0.9478271338720807,1.0
100018779|F|0-10:A>G-10:A>G,Vu09 (old8),32879608.0,0.41578947368421054,-97.9072543706722,38.838821688368796,-2.520860574922973,0.01346782234018466,6.354738038200982,0.9478271338720807,1.0
100016846|F|0-15:T>C-15:T>C,Vu08 (old5),5868167.0,0.06914893617021277,-163.94296045448448,65.88854789088766,-2.4881859701321125,0.014680345865562957,6.191069421962282,0.9478271338720807,1.0
100058466|F|0-35:C>T-35:C>T,,,0.324468085106383,-77.96572583230096,32.07342386532153,-2.4308513540582477,0.0170461901489124,5.909038305526816,0.9478271338720807,1.0
100014348|F|0-42:C>G-42:C>G,,,0.12105263157894737,-120.66513771480274,49.67059613109816,-2.429307218224743,0.017114364017003163,5.901533560518838,0.9478271338720807,1.0
100016712|F|0-57:C>A-57:C>A,Vu06 (old6),27002353.0,0.4052631578947369,94.65264609680389,39.113089357903576,2.419973662286982,0.017531643926687056,5.856272526162667,0.9478271338720807,1.0
100035121|F|0-58:G>A-58:G>A,,,0.06666666666666667,-139.8603133848181,58.66405290010954,-2.3840888324399585,0.019221655754245864,5.683879560964924,0.9478271338720807,1.0
100017334|F|0-26:T>C-26:T>C,,,0.12631578947368421,-117.66887184021735,49.62782919672876,-2.371025969597992,0.019871903694786867,5.621764148508098,0.9478271338720807,1.0
100041739|F|0-59:G>T-59:G>T,,,0.05789473684210526,164.17992496355362,69.5582538553491,2.360322691610063,0.02041917211741392,5.5711232085293725,0.9478271338720807,1.0
100014708|F|0-45:A>T-45:A>T,,,0.43157894736842106,-105.45536963327986,44.79841585301769,-2.3539977391003264,0.020748818789020188,5.541305355689448,0.9478271338720807,1.0
100056908|F|0-51:C>T-51:C>T,,,0.43157894736842106,-105.45536963327986,44.79841585301769,-2.3539977391003264,0.020748818789020188,5.541305355689448,0.9478271338720807,1.0
100029593|F|0-34:A>G-34:A>G,,,0.05263157894736842,170.34025952957333,73.67511413853036,2.3120460893930175,0.023057126413481024,5.345557119477545,0.9478271338720807,1.0
100021123|F|0-50:T>C-50:T>C,,,0.3172043010752688,-98.84374959721983,42.789498681276875,-2.3100001786295814,0.023175284669188036,5.336100825268698,0.9478271338720807,1.0
100035464|F|0-52:G>A-52:G>A,,,0.05789473684210526,164.9248410758679,73.29641875254363,2.2501077662835263,0.026879468762376277,5.06298495988944,0.9478271338720807,1.0
100019174|F|0-24:T>A-24:T>A,,,0.12631578947368421,-104.34514475941626,46.72332587788587,-2.233255933709179,0.028011301498452507,4.9874320654472575,0.9478271338720807,1.0
100029003|F|0-15:A>G-15:A>G,,,0.07368421052631578,-148.10978086883216,66.38808894184098,-2.230969187840053,0.02816806271095724,4.977223517091705,0.9478271338720807,1.0
100034771|F|0-20:A>G-20:A>G,,,0.07368421052631578,-148.10978086883216,66.38808894184098,-2.230969187840053,0.02816806271095724,4.977223517091705,0.9478271338720807,1.0
100029251|F|0-32:C>A-32:C>A,,,0.4842105263157895,87.28272683789832,39.51547892197593,2.2088237121012693,0.029726379851766495,4.878902191140831,0.9478271338720807,1.0
100034179|F|0-50:C>T-50:C>T,,,0.4263157894736842,92.6531737767205,42.30274337104447,2.190240310517073,0.0310916834566366,4.797152617813925,0.9478271338720807,1.0
100041774|F|0-19:G>A-19:G>A,Vu03 (old3),27017059.0,0.46842105263157896,87.79819769519969,40.305907490311114,2.1782960156970774,0.031997829591799594,4.7449735320017625,0.9478271338720807,1.0
100034532|F|0-64:T>C-64:T>C,,,0.05263157894736842,158.04553036236686,72.8147911769102,2.1705140920940194,0.03260050733199879,4.711131423978725,0.9478271338720807,1.0
100019311|F|0-11:C>A-11:C>A,,,0.15263157894736842,-99.91325464929561,46.26910696147245,-2.159394490420828,0.033478817643245666,4.662984565259828,0.9478271338720807,1.0
100020451|F|0-6:A>G-6:A>G,,,0.32105263157894737,-77.48881652438115,35.93004871676349,-2.1566577082938396,0.033698119894807345,4.651172470743236,0.9478271338720807,1.0
100050516|F|0-63:C>G-63:C>G,,,0.4263157894736842,88.94953029283526,41.27437070534962,2.155079018111024,0.033825189806113036,4.644365574302375,0.9478271338720807,1.0
100019488|F|0-31:C>T-31:C>T,,,0.07065217391304349,-111.38263942646996,51.90764912702184,-2.1457847022489585,0.03458177315398021,4.604391988405651,0.9478271338720807,1.0
100043241|F|0-28:A>C-28:A>C,,,0.5,107.6241144016145,50.3995420175095,2.135418499720184,0.03544290785855928,4.5600121689472015,0.9478271338720807,1.0
100014717|F|0-5:C>A-5:C>A,,,0.23157894736842105,92.27997490759346,43.240096087470626,2.134129737383557,0.03555125656160133,4.55450973598481,0.9478271338720807,1.0
100015193|F|0-65:C>A-65:C>A,,,0.07894736842105263,-170.91105513823575,80.1727188836581,-2.1317856936628496,0.03574906138133255,4.544510243705597,0.9478271338720807,1.0
100029793|F|0-30:G>A-30:G>A,,,0.09473684210526316,118.61298195133844,55.72248491950458,2.1286376966620213,0.03601620976055596,4.531098443650595,0.9478271338720807,1.0
100035792|F|0-26:T>C-26:T>C,,,0.4421052631578947,81.41932389130797,38.274297760848974,2.1272584646763217,0.03613379962588845,4.525228575537062,0.9478271338720807,1.0
100014677|F|0-27:A>C-27:A>C,Vu01 (old4),38105105.0,0.48947368421052634,77.57819746682364,36.53643047127691,2.1233108014701023,0.03647220847963723,4.508448759639609,0.9478271338720807,1.0
100041002|F|0-38:A>G-38:A>G,,,0.08947368421052632,127.2043149167158,60.062252969286256,2.1178745156590058,0.036942719847771685,4.485392464077869,0.9478271338720807,1.0
100029143|F|0-26:C>T-26:C>T,,,0.15263157894736842,-98.50040289873326,46.529263720706034,-2.116955976135498,0.0370227364396825,4.4815026048958,0.9478271338720807,1.0
100022600|F|0-31:A>T-31:A>T,,,0.37894736842105264,-85.80403509359381,40.54980570525473,-2.1160159364826434,0.0371047812783998,4.4775234434485185,0.9478271338720807,1.0
100035689|F|0-61:C>T-61:C>T,,,0.18947368421052632,-98.70969543179167,46.68340595446624,-2.1144493083488918,0.03724186327426413,4.470895877577107,0.9478271338720807,1.0
100030002|F|0-15:C>G-15:C>G,,,0.23684210526315788,-78.93482982833753,37.468615458704434,-2.1066919303526057,0.037927120973784485,4.438150889412788,0.9478271338720807,1.0
100014347|F|0-68:T>C-68:T>C,,,0.11052631578947368,118.15389047861515,56.094804179946415,2.106325036800013,0.03795979928413598,4.436605160650576,0.9478271338720807,1.0
100035857|F|0-32:C>A-32:C>A,,,0.14835164835164835,-90.10735428502393,42.894512756376656,-2.10067322122988,0.038466277213170474,4.412827982392321,0.9478271338720807,1.0
100021979|F|0-26:G>A-26:G>A,,,0.21052631578947367,105.14935297747493,50.57103881463367,2.0792405187264618,0.04044034454693258,4.323241134713886,0.9478271338720807,1.0
100033142|F|0-41:A>C-41:A>C,,,0.43010752688172044,-81.60373730678029,39.47624744942657,-2.0671604465780007,0.04159101027107337,4.273152311896559,0.9478271338720807,1.0
100016517|F|0-35:T>A-35:T>A,,,0.24210526315789474,91.15641574103947,44.101032514702474,2.066990511177932,0.04160739616163049,4.272449773299609,0.9478271338720807,1.0
100028837|F|0-16:A>C-16:A>C,,,0.11578947368421053,-108.3818274274976,52.535188554703254,-2.0630329957727853,0.04199057119075542,4.256105141647233,0.9478271338720807,1.0
100019372|F|0-56:G>A-56:G>A,,,0.14516129032258063,-132.04696668521723,64.33320329201004,-2.052547672558021,0.043020491824289575,4.212951948123349,0.9478271338720807,1.0
100034591|F|0-27:A>G-27:A>G,,,0.11702127659574468,99.90432783388498,48.6742964705461,2.0525068686784063,0.043024541815556226,4.212784445972036,0.9478271338720807,1.0
100021743|F|0-57:T>C-57:T>C,,,0.05789473684210526,138.90416793375465,67.95398886755828,2.04409145435859,0.043866846119069325,4.178309873781816,0.9478271338720807,1.0
100021654|F|0-23:G>T-23:G>T,,,0.15789473684210525,-103.33171363422277,50.60907048740486,-2.0417627243309884,0.04410241625848591,4.168795022467499,0.9478271338720807,1.0
100043230|F|0-12:G>T-12:G>T,,,0.08421052631578947,-155.81404736261902,76.62860489775281,-2.033366620343996,0.04496078582115056,4.134579812729165,0.9478271338720807,1.0
100019198|F|0-35:G>T-35:G>T,,,0.13829787234042554,-90.90403329335888,44.9723446996087,-2.0213318629604347,0.04621610702716988,4.085782500219102,0.9478271338720807,1.0
100029056|F|0-22:A>T-22:A>T,,,0.12105263157894737,-99.24570671097098,49.22691734309449,-2.016086159108094,0.04677259618522256,4.0646034009472265,0.9478271338720807,1.0
100013003|F|0-59:A>G-59:A>G,,,0.06315789473684211,-129.47379814273353,64.41990665552395,-2.0098414428800058,0.047442530408987674,4.0394626255179835,0.9478271338720807,1.0
100022022|F|0-32:T>G-32:T>G,,,0.1,100.09995638190912,49.93577238055088,2.0045741080976316,0.04801397239872322,4.018317354855415,0.9478271338720807,1.0
100030615|F|0-8:C>T-8:C>T,,,0.3631578947368421,92.68712901726671,46.44723374235149,1.9955360427149138,0.0490081957354458,3.9821640977742985,0.9478271338720807,1.0
100029979|F|0-5:G>A-5:G>A,,,0.16842105263157894,-92.90178617079056,46.56543932889972,-1.9950802034661208,0.049058801885045036,3.980345018262418,0.9478271338720807,1.0
100021017|F|0-55:C>T-55:C>T,,,0.33157894736842103,-78.48910069253064,39.37952019347636,-1.9931451756370866,0.04927412058287285,3.9726276911653926,0.9478271338720807,1.0
100018809|F|0-13:A>G-13:A>G,,,0.08421052631578947,-119.917213038366,61.1654464315766,-1.9605385071866142,0.05302540671522835,3.8437112381615175,0.9478271338720807,1.0
100013630|F|0-30:A>G-30:A>G,,,0.3631578947368421,82.98727351556468,42.50937981624247,1.9522108737953394,0.054021481515842226,3.811127295764763,0.9478271338720807,1.0
100034572|F|0-53:G>A-53:G>A,,,0.17894736842105263,80.32752852090712,41.2623872098614,1.946749423690868,0.05468331472142712,3.789833318640727,0.9478271338720807,1.0
100014402|F|0-62:C>T-62:C>T,,,0.46808510638297873,78.04934518155997,40.09653110999801,1.946536097285944,0.054709305108062184,3.789002778037194,0.9478271338720807,1.0
100020774|F|0-63:A>G-63:A>G,,,0.22105263157894736,-78.64717481693768,40.532650440323785,-1.9403412795008286,0.05546862492400962,3.7649242809349124,0.9478271338720807,1.0
100029240|F|0-46:A>G-46:A>G,Vu11 (old9),8096401.0,0.2631578947368421,-80.23351658944598,41.54221167905752,-1.931373254975101,0.05658367213090198,3.7302026500331165,0.9478271338720807,1.0
100018597|F|0-60:C>T-60:C>T,,,0.32105263157894737,72.24607173928898,37.408553943849704,1.9312714372154145,0.05659643984323448,3.7298093642040926,0.9478271338720807,1.0
100015338|F|0-49:G>T-49:G>T,,,0.06914893617021277,-117.57690771732467,60.98880163758891,-1.9278442035309498,0.057027631284520625,3.716583273087882,0.9478271338720807,1.0
100034493|F|0-32:C>T-32:C>T,,,0.14736842105263157,-97.42059838554626,50.71750094583371,-1.9208477659337246,0.05791650578927947,3.689656139892581,0.9478271338720807,1.0
100035151|F|0-30:T>C-30:T>C,,,0.06315789473684211,146.28859906476677,76.17249811315666,1.9204910261371553,0.057962140377022436,3.688285781473344,0.9478271338720807,1.0
100030019|F|0-15:C>A-15:C>A,,,0.3894736842105263,-65.5030296566627,34.1152577256282,-1.9200508518349917,0.05801848987561501,3.6865952736322773,0.9478271338720807,1.0
100012992|F|0-18:G>T-18:G>T,,,0.26842105263157895,-79.82571945478782,41.79325044000284,-1.9100146223224073,0.059315903480488576,3.648155857485408,0.9478271338720807,1.0
100035988|F|0-45:C>A-45:C>A,,,0.21578947368421053,92.0710513532063,48.370369196111135,1.9034597602494339,0.06017641793148922,3.6231590588888323,0.9478271338720807,1.0
100021804|F|0-50:G>A-50:G>A,,,0.06315789473684208,-151.3879371188104,79.59828989437808,-1.901899366427252,0.060382808215876126,3.617221200016383,0.9478271338720807,1.0
100038944|F|0-45:C>T-45:C>T,,,0.07368421052631578,116.56306856000253,61.38541543982428,1.8988723579507016,0.06078488614875665,3.6057162317892577,0.9478271338720807,1.0
100043266|F|0-15:G>A-15:G>A,,,0.21052631578947367,95.53084268744625,50.332111440908115,1.8980098381051078,0.060899866827481934,3.6024413455437774,0.9478271338720807,1.0
100014878|F|0-32:G>A-32:G>A,,,0.1,-112.68623445765644,59.76153813479039,-1.8855979610748297,0.06257485429530732,3.555479670809555,0.9478271338720807,1.0
100015387|F|0-29:C>T-29:C>T,,,0.06914893617021277,126.53961444575802,67.4642219649182,1.8756551363115013,0.06394443360824613,3.5180821903717163,0.9478271338720807,1.0
100015553|F|0-28:T>C-28:T>C,,,0.2578947368421053,-93.92548723432775,50.20402219231609,-1.870875741280813,0.06461167882635208,3.5001760393130317,0.9478271338720807,1.0
100029178|F|0-32:G>A-32:G>A,,,0.2578947368421053,-93.92548723432775,50.20402219231609,-1.870875741280813,0.06461167882635208,3.5001760393130317,0.9478271338720807,1.0
100034218|F|0-27:A>T-27:A>T,Vu06 (old6),33123517.0,0.32105263157894737,76.67896506555624,41.007089335462226,1.869895335371818,0.06474927170387652,3.4965085652452834,0.9478271338720807,1.0
100041924|F|0-42:C>T-42:C>T,,,0.35789473684210527,75.66941316953566,40.522811243972754,1.8673288166992734,0.06511062845936955,3.4869169096755086,0.9478271338720807,1.0
100017012|F|0-57:A>G-57:A>G,,,0.46842105263157896,-70.134250540166,37.75681554608629,-1.8575255758674758,0.06650649286954183,3.4504012650017977,0.9478271338720807,1.0
100022099|F|0-31:T>C-31:T>C,,,0.2,90.90787120545349,48.9753558187107,1.8561962375926782,0.06669769039586088,3.445464472453214,0.9478271338720807,1.0
100017140|F|0-53:T>C-53:T>C,,,0.11052631578947368,-109.80027818960694,59.405017989483014,-1.8483333884192383,0.06783803059234465,3.416336314745343,0.9478271338720807,1.0
100040510|F|0-32:T>C-32:T>C,,,0.42105263157894735,-74.5430682968177,40.332747644574496,-1.8482020851571,0.06785721091666262,3.415850947579052,0.9478271338720807,1.0
100044913|F|0-36:G>T-36:G>T,,,0.12637362637362637,88.70336117872299,48.107751116247385,1.8438475946294086,0.06849587337119707,3.399773952220656,0.9478271338720807,1.0
100029037|F|0-30:A>C-30:A>C,,,0.2736842105263158,81.70741230272574,44.31437527449822,1.8438127988175939,0.06850099694970666,3.399645637083569,0.9478271338720807,1.0
100017645|F|0-21:T>C-21:T>C,,,0.0797872340425532,108.9021449663963,59.11444161439374,1.8422257233988621,0.0687350297066934,3.393795615952461,0.9478271338720807,1.0
100033357|F|0-30:G>A-30:G>A,,,0.11052631578947368,100.09323716037112,54.37146712242,1.8409147749316077,0.06892884779403867,3.3889672085614917,0.9478271338720807,1.0
100033689|F|0-56:C>T-56:C>T,,,0.3473684210526316,-65.93350985932301,36.049941613767544,-1.8289491440991092,0.07071910221407006,3.3450549717008644,0.9478271338720807,1.0
100034447|F|0-52:A>T-52:A>T,,,0.08421052631578947,114.05748175283703,62.494987121551446,1.8250660893968602,0.07130833896635974,3.330866230666348,0.9478271338720807,1.0
100033324|F|0-45:A>T-45:A>T,,,0.06914893617021277,120.62677086963308,66.23159782543978,1.8212873436566848,0.07188566958769403,3.317087588164023,0.9478271338720807,1.0
100014335|F|0-15:A>C-15:A>C,,,0.4473684210526316,69.73109986790918,38.395593912980615,1.8161224443082464,0.07268107390990136,3.2983007327201594,0.9478271338720807,1.0
100033115|F|0-33:C>G-33:C>G,,,0.4263157894736842,80.43958128391974,44.410920952296834,1.8112567710613887,0.0734370835183343,3.280651090715728,0.9478271338720807,1.0
100047216|F|0-43:T>C-43:T>C,,,0.06842105263157895,-122.55786695241846,67.74581930514091,-1.8090838402941585,0.07377681132727949,3.2727843412134603,0.9478271338720807,1.0
100019087|F|0-12:C>A-12:C>A,,,0.06315789473684211,119.68111004527968,66.51913435009301,1.7991982489638687,0.07533891041966245,3.237114339074651,0.9478271338720807,1.0
100020726|F|0-7:G>A-7:G>A,Vu08 (old5),37188871.0,0.1631578947368421,-82.67300821005264,45.99100499616463,-1.7975908162247611,0.07559549002652824,3.231332742575603,0.9478271338720807,1.0
100047217|F|0-67:G>A-67:G>A,,,0.07368421052631578,-113.37127624662119,63.11512050436671,-1.7962617410954234,0.07580818521904296,3.2265562425231615,0.9478271338720807,1.0
100059435|F|0-20:G>A-20:G>A,,,0.32105263157894737,-74.15009601017456,41.306410461940246,-1.7951232068082148,0.0759907822757062,3.2224673276214086,0.9478271338720807,1.0
100013936|F|0-38:C>A-38:C>A,,,0.2578947368421053,-82.02050142125302,45.7445640887733,-1.793010886759824,0.07633052044253215,3.2148880400392503,0.9478271338720807,1.0
100018930|F|0-63:C>G-63:C>G,Vu09 (old8),30816607.0,0.08947368421052632,107.43879832076671,60.00584643338272,1.7904721740746228,0.07674050357464271,3.205790606135506,0.9478271338720807,1.0
100033592|F|0-27:T>C-27:T>C,,,0.4842105263157894,-75.78098013092429,42.32880060483539,-1.7902935837560092,0.07676941316176689,3.2051511160379347,0.9478271338720807,1.0
100054119|F|0-9:A>T-9:A>T,,,0.20526315789473684,-78.9151183162605,44.1168342636942,-1.788775637086078,0.07701549774339748,3.199718279832704,0.9478271338720807,1.0
100036213|F|0-14:A>C-14:A>C,,,0.21578947368421053,76.1633171964171,42.58862376289671,1.788348870356565,0.0770848013792182,3.1981916821056027,0.9478271338720807,1.0
100017065|F|0-46:G>A-46:G>A,,,0.12631578947368421,104.99631929943024,58.712719003242185,1.788306198076642,0.07709173387020406,3.198039058079334,0.9478271338720807,1.0
100014627|F|0-15:C>G-15:C>G,,,0.3526315789473684,-64.42410426028977,36.127293668849,-1.7832529845943008,0.07791633329881567,3.179991207064482,0.9478271338720807,1.0
100018573|F|0-44:G>C-44:G>C,,,0.08421052631578947,-115.98887637308938,65.06906536830675,-1.7825502136316866,0.07803159000349699,3.1774852641183715,0.9478271338720807,1.0
100016098|F|0-43:C>A-43:C>A,,,0.08421052631578947,-115.98887637308938,65.06906536830675,-1.7825502136316866,0.07803159000349699,3.1774852641183715,0.9478271338720807,1.0
100015398|F|0-67:C>T-67:C>T,,,0.08421052631578947,-101.43420341646228,57.20301745029589,-1.7732316919225317,0.07957324354650458,3.1443506332384445,0.9478271338720807,1.0
100041512|F|0-35:G>A-35:G>A,,,0.4789473684210526,75.48882622337932,42.64745866908432,1.7700662261993612,0.08010263212902796,3.133134445131648,0.9478271338720807,1.0
100021376|F|0-67:G>C-67:G>C,,,0.25263157894736843,-89.12551824594149,50.45553738308526,-1.7664169854986023,0.08071653372844545,3.1202289666579692,0.9478271338720807,1.0
100015052|F|0-68:T>A-68:T>A,,,0.4736842105263158,70.53703815242528,39.9609836908501,1.7651476925122893,0.08093097182015306,3.1157463763814595,0.9478271338720807,1.0
100020307|F|0-56:C>T-56:C>T,,,0.11052631578947368,-106.33289590998177,60.30120370672729,-1.763362741930127,0.0812333220570967,3.109448159627336,0.9478271338720807,1.0
100017265|F|0-28:G>A-28:G>A,Vu03 (old3),52001826.0,0.4263157894736842,63.54895071821697,36.0400729762658,1.7632858501720337,0.08124636755656968,3.1091769894169117,0.9478271338720807,1.0
100049137|F|0-53:C>A-53:C>A,,,0.05263157894736842,122.69247363844815,70.22696537058042,1.7470849408202773,0.0840338261548376,3.052305790440992,0.9478271338720807,1.0
100048583|F|0-60:A>G-60:A>G,,,0.3602150537634409,-59.60546559835304,34.23151551732434,-1.741245302685682,0.08505767320482328,3.0319352041249523,0.9478271338720807,1.0
100036060|F|0-10:G>T-10:G>T,Vu06 (old6),32597034.0,0.19473684210526315,-82.03718694199307,47.167974879425785,-1.739256076855165,0.08540877183556739,3.0250117008776196,0.9478271338720807,1.0
100043193|F|0-19:A>G-19:A>G,,,0.4166666666666667,-64.88657461172322,37.31298850089189,-1.7389809076850609,0.08545743288393913,3.024054597293158,0.9478271338720807,1.0
100016318|F|0-42:A>T-42:A>T,,,0.4842105263157895,-85.39345471514588,49.12649964283552,-1.7382360912334904,0.08558926090196692,3.021464708866683,0.9478271338720807,1.0
100016625|F|0-16:T>C-16:T>C,,,0.1736842105263158,82.47587679978845,47.565924055966796,1.7339277736462362,0.08635508987454689,3.0065055242217933,0.9478271338720807,1.0
100052563|F|0-36:T>C-36:T>C,,,0.20526315789473681,-77.57599437219889,44.77237037638341,-1.7326756148948232,0.08657872095600797,3.002164786451154,0.9478271338720807,1.0
100017505|F|0-35:A>G-35:A>G,,,0.4842105263157894,67.21657663799182,38.84204702025126,1.730510665489561,0.08696649476412024,2.994667163373123,0.9478271338720807,1.0
100019870|F|0-67:G>A-67:G>A,,,0.18421052631578946,-77.56299097647971,44.830495876630955,-1.7301390372733174,0.08703320188630022,2.9933810882970415,0.9478271338720807,1.0
100039148|F|0-38:G>A-38:G>A,,,0.4052631578947368,72.86335216482692,42.26703094289022,1.7238814872820711,0.08816274924592697,2.9717673821938457,0.9478271338720807,1.0
100029242|F|0-37:C>T-37:C>T,,,0.3763440860215054,57.84741641457289,33.86029324793204,1.7084145134539206,0.0910063079035549,2.918680149779996,0.9478271338720807,1.0
100013031|F|0-8:C>T-8:C>T,,,0.39473684210526316,-70.03647893800589,41.372122761413344,-1.6928422875929152,0.09394452807498456,2.8657150106628144,0.9478271338720807,1.0
100017511|F|0-59:G>C-59:G>C,,,0.20526315789473684,71.08517775401255,42.002448291517815,1.6924055774236342,0.09402803019240866,2.8642366384946247,0.9478271338720807,1.0
100060618|F|0-5:A>G-5:A>G,,,0.15168539325842698,97.24156822730771,57.59988323167223,1.6882250930300124,0.0948304345130313,2.8501039647361943,0.9478271338720807,1.0
100058671|F|0-36:C>G-36:C>G,Vu05 (old1),1696325.0,0.3368421052631579,60.575506305465964,36.0159752889037,1.681906593381324,0.09605378920726702,2.8288097888595702,0.9478271338720807,1.0
100018797|F|0-41:C>G-41:C>G,,,0.21578947368421053,-67.8103737590209,40.32277090130188,-1.681689334421002,0.09609608106716455,2.8280790175053525,0.9478271338720807,1.0
100032801|F|0-46:T>A-46:T>A,,,0.21578947368421053,-75.93311571901984,45.15699846095245,-1.681535936997223,0.09612595069715799,2.8275631074131287,0.9478271338720807,1.0
100058466|F|0-43:T>C-43:T>C,,,0.45744680851063835,-79.43203657569009,47.30610893633759,-1.679107378765523,0.09659984819074875,2.819401589424826,0.9478271338720807,1.0
100034393|F|0-68:C>A-68:C>A,,,0.08947368421052632,-105.29042954851187,62.79408249609989,-1.6767571937220582,0.09706025972508746,2.811514686698672,0.9478271338720807,1.0
100015063|F|0-34:T>C-34:T>C,,,0.06451612903225806,-105.30147583093854,62.94187215339889,-1.672995610526215,0.09780088159761456,2.7989143128399827,0.9478271338720807,1.0
100020053|F|0-44:G>A-44:G>A,,,0.21052631578947367,83.6232350314704,50.02799632196056,1.6715287674785948,0.09809093122964853,2.79400842050851,0.9478271338720807,1.0
100021860|F|0-9:A>C-9:A>C,,,0.1631578947368421,-77.43387885473268,46.41112224173929,-1.6684336666415156,0.09870524063665478,2.783670899982852,0.9478271338720807,1.0
100030735|F|0-21:A>G-21:A>G,,,0.06315789473684211,-116.95144955540421,70.31431245480711,-1.6632666305394372,0.09973773891148514,2.766455884266013,0.9478271338720807,1.0
100034804|F|0-11:G>A-11:G>A,Vu01 (old4),5843731.0,0.4789473684210526,60.81625952933197,36.65195693607615,1.659290925049384,0.10053812859172746,2.75324637395124,0.9478271338720807,1.0
100018506|F|0-23:C>T-23:C>T,,,0.24736842105263157,79.42994584938687,47.874441274617254,1.6591305033464725,0.10057053365043647,2.752714027134719,0.9478271338720807,1.0
100035177|F|0-15:C>A-15:C>A,,,0.4473684210526315,-62.608840174244975,37.81313244446758,-1.6557432861768966,0.10125672697851576,2.7414858297198683,0.9478271338720807,1.0
100016636|F|0-57:G>T-57:G>T,,,0.12105263157894737,81.15742924789375,49.18787959563138,1.6499477089697874,0.10243960320245235,2.72232744233465,0.9478271338720807,1.0
100017001|F|0-30:T>G-30:T>G,,,0.46842105263157896,-52.646609792175376,32.01487803202804,-1.644441991611123,0.10357364851265854,2.704189463773957,0.9478271338720807,1.0
100013210|F|0-44:C>T-44:C>T,,,0.21052631578947367,74.06910843246332,45.21948389412304,1.6379910174536454,0.10491527814011824,2.6830145732588284,0.9478271338720807,1.0
100035652|F|0-37:T>C-37:T>C,,,0.05789473684210526,-116.90996188280188,71.73765211321329,-1.6296875969442044,0.10666277506396989,2.6558816636337754,0.9478271338720807,1.0
100034443|F|0-52:T>G-52:T>G,,,0.4421052631578948,-59.42240793937168,36.528954775077594,-1.626720728946602,0.107292826366537,2.6462203299845637,0.9478271338720807,1.0
100021644|F|0-58:T>G-58:T>G,,,0.0913978494623656,-84.25874987963803,51.83111350789237,-1.6256403572500497,0.10752299984529518,2.6427065711200695,0.9478271338720807,1.0
100058467|F|0-48:T>C-48:T>C,,,0.0888888888888889,-80.3222374069432,49.44100835079452,-1.6246075896559342,0.10774340279686428,2.639349820367664,0.9478271338720807,1.0
100014423|F|0-36:C>T-36:C>T,,,0.1736842105263158,-89.05321766277295,54.826179398256514,-1.6242827539721811,0.10781280112593537,2.638294464851453,0.9478271338720807,1.0
100013521|F|0-57:C>G-57:C>G,Vu02 (old7),20518913.0,0.07894736842105263,-95.11099351177369,58.59968971418509,-1.6230630908741892,0.10807369282530532,2.6343337969580767,0.9478271338720807,1.0
100018389|F|0-25:G>T-25:G>T,,,0.05789473684210526,-123.80683937592299,76.3455055397744,-1.6216650672569355,0.10837336138868377,2.629797590361441,0.9478271338720807,1.0
100016006|F|0-20:G>A-20:G>A,Vu07 (old2),32542535.0,0.05263157894736842,121.56148435085748,75.06284273429782,1.6194628383733387,0.10884676825996956,2.6226598848722307,0.9478271338720807,1.0
100035052|F|0-17:C>T-17:C>T,,,0.08522727272727272,-102.6069654442452,63.35895490103266,-1.6194548285166372,0.10884849314674368,2.622633941605851,0.9478271338720807,1.0
100034526|F|0-38:G>A-38:G>A,,,0.19473684210526315,-77.11591036655209,47.65245346163725,-1.6182988443320023,0.10909765977134545,2.618891149566294,0.9478271338720807,1.0
100018711|F|0-35:A>G-35:A>G,Vu02 (old7),32416848.0,0.08947368421052632,89.79270512331402,55.58927048257925,1.6152884242554244,0.10974869341695805,2.609156693533572,0.9478271338720807,1.0
100020153|F|0-41:C>T-41:C>T,,,0.2789473684210526,81.12442246262687,50.2395158166885,1.6147532702868734,0.10986475200717519,2.6074281239021526,0.9478271338720807,1.0
100017309|F|0-5:C>G-5:C>G,,,0.07368421052631578,-99.07258750529782,61.359531955220646,-1.6146242376424849,0.10989275000603553,2.6070114287825756,0.9478271338720807,1.0
100034394|F|0-13:G>T-13:G>T,,,0.28421052631578947,68.79027537991922,42.61505853429614,1.6142245897552283,0.1099795035163683,2.605721026170435,0.9478271338720807,1.0
100018782|F|0-63:C>T-63:C>T,,,0.12105263157894737,84.92235630946581,52.68817445704888,1.6117915867192185,0.11050883503968874,2.5978721190188563,0.9478271338720807,1.0
100030222|F|0-14:T>A-14:T>A,,,0.11702127659574468,80.60721667164044,50.06614778542499,1.6100143557501028,0.11089678630880134,2.5921462257214185,0.9478271338720807,1.0
100016704|F|0-41:C>T-41:C>T,,,0.39473684210526316,63.84893529346043,39.75874960773968,1.60590903696406,0.11179711507257359,2.5789438350028346,0.9478271338720807,1.0
100041959|F|0-33:T>G-33:T>G,,,0.20526315789473684,-62.30577471436324,38.80998944207824,-1.6054056084542656,0.11190792333792,2.577327167656411,0.9478271338720807,1.0
100035171|F|0-38:C>T-38:C>T,,,0.25263157894736843,-66.4132941896477,41.36948680126388,-1.6053690612284488,0.1119159710754775,2.577209822749511,0.9478271338720807,1.0
100036015|F|0-34:G>A-34:G>A,Vu02 (old7),24184641.0,0.07368421052631578,-96.07096348656906,59.89027949105064,-1.6041161320832518,0.11219214821095115,2.5731885652097324,0.9478271338720807,1.0
100015474|F|0-64:A>G-64:A>G,,,0.10526315789473684,-84.35270642727289,52.728306776642235,-1.5997613347341497,0.11315630776978526,2.559236328110388,0.9478271338720807,1.0
100041955|F|0-54:C>T-54:C>T,,,0.29473684210526313,58.4800895994842,36.569127464509535,1.5991655709105812,0.11328872554266631,2.5573305231857653,0.9478271338720807,1.0
100014038|F|0-34:G>C-34:G>C,,,0.1,93.15832317954485,58.2672429295686,1.5988112444611693,0.1133675389494144,2.556197395415473,0.9478271338720807,1.0
100022008|F|0-51:G>C-51:G>C,,,0.3157894736842105,-56.55442211978311,35.488433816838736,-1.5936015213201344,0.1145314232060256,2.539565808753847,0.9478271338720807,1.0
100035791|F|0-16:G>A-16:G>A,Vu09 (old8),36664091.0,0.3736842105263158,-106.0941543315864,66.62151394451486,-1.5924908944570966,0.11478077623984373,2.5360272489287636,0.9478271338720807,1.0
100029079|F|0-11:G>A-11:G>A,,,0.06842105263157895,107.24150073923882,67.49314646437355,1.5889243035342344,0.11558446903693254,2.5246804423617517,0.9478271338720807,1.0
100013001|F|0-27:G>C-27:G>C,Vu03 (old3),7683103.0,0.4473684210526316,-61.824199984423444,38.99736495473536,-1.585343011154303,0.11639599449323297,2.5133124630157924,0.9478271338720807,1.0
100013444|F|0-54:G>C-54:G>C,Vu03 (old3),47172807.0,0.2,-64.7407146858375,40.86981046425808,-1.5840718112078174,0.11668514213449141,2.509283503063215,0.9478271338720807,1.0
100036190|F|0-13:A>T-13:A>T,Vu03 (old3),59363081.0,0.12105263157894737,89.91913455157723,56.79398117022178,1.5832511244822476,0.11687212036253379,2.5066841231743013,0.9478271338720807,1.0
100016256|F|0-31:A>C-31:A>C,,,0.1,91.86194891320072,58.0903780625957,1.581362559118039,0.11730330358103544,2.500707543380353,0.9478271338720807,1.0
100054502|F|0-47:T>C-47:T>C,,,0.21578947368421053,77.1147568780124,48.80864686395352,1.5799404784352604,0.11762881969830129,2.4962119153982396,0.9478271338720807,1.0
100058370|F|0-6:C>T-6:C>T,,,0.2894736842105263,-74.8217162470468,47.361420022739736,-1.579803059349202,0.11766031325722262,2.4957777063290987,0.9478271338720807,1.0
100016677|F|0-45:G>A-45:G>A,,,0.23157894736842105,-81.65690704083342,51.77066260555344,-1.577281474316577,0.11823940260001559,2.4878168492222748,0.9478271338720807,1.0
100021208|F|0-24:G>A-24:G>A,,,0.49473684210526314,61.138112798402574,38.82288554245255,1.5747956892989954,0.11881249278521235,2.479981463034698,0.9478271338720807,1.0
100060605|F|0-26:G>C-26:G>C,,,0.1736842105263158,-75.57002312022405,48.00154694335027,-1.5743247443547834,0.11892131676289192,2.478498400687754,0.9478271338720807,1.0
100014924|F|0-66:G>A-66:G>A,,,0.05789473684210526,110.40669887492135,70.24477591888757,1.5717424880450783,0.11951942630384109,2.470374448726133,0.9478271338720807,1.0
100040460|F|0-10:G>A-10:G>A,,,0.43157894736842106,72.68111270966936,46.24721979075842,1.5715779897366549,0.11955760890741857,2.469857377824705,0.9478271338720807,1.0
100016117|F|0-56:G>A-56:G>A,,,0.4052631578947368,59.7221181098831,38.03644576035888,1.570128778228926,0.11989441332033048,2.4653043802226597,0.9478271338720807,1.0
100038486|F|0-9:G>A-9:G>A,,,0.06315789473684211,121.80136007965679,77.58049375203738,1.569999805221117,0.11992442390326832,2.4648993883943455,0.9478271338720807,1.0
100014526|F|0-10:T>C-10:T>C,,,0.33695652173913043,-68.4480286857542,43.63262347708983,-1.5687351167800896,0.12021901981477123,2.460929866619041,0.9478271338720807,1.0
100047320|F|0-54:C>T-54:C>T,,,0.12631578947368421,98.88097153668592,63.19303591267543,1.5647447556298226,0.12115231032332396,2.4484261502710334,0.9478271338720807,1.0
100030652|F|0-8:A>C-8:A>C,,,0.12631578947368421,98.88097153668592,63.19303591267543,1.5647447556298226,0.12115231032332396,2.4484261502710334,0.9478271338720807,1.0
100019483|F|0-18:A>T-18:A>T,,,0.49473684210526314,-63.14052088699048,40.398659423870825,-1.5629360426173426,0.12157723715534959,2.44276907331236,0.9478271338720807,1.0
100041362|F|0-27:G>A-27:G>A,,,0.49468085106382986,61.97254601631357,39.70736522045849,1.5607317602726094,0.12209669747467868,2.435883627523638,0.9478271338720807,1.0
100038935|F|0-11:A>T-11:A>T,,,0.1368421052631579,-91.29979723159312,58.519471506467184,-1.5601610007961755,0.12223148952366414,2.434102348405324,0.9478271338720807,1.0
100040596|F|0-63:G>T-63:G>T,,,0.34210526315789475,64.85115932291623,41.592663196028504,1.5591970876514725,0.12245939821579663,2.4310955581408336,0.9478271338720807,1.0
100019334|F|0-53:T>C-53:T>C,Vu04 (old11),4731471.0,0.08947368421052632,-89.27206520927967,57.2708179510563,-1.5587705641915517,0.12256035358165822,2.429765671790048,0.9478271338720807,1.0
100029548|F|0-5:C>T-5:C>T,,,0.42105263157894735,-64.33675872699118,41.30010318460583,-1.5577868762074185,0.12279343828816269,2.4266999516840673,0.9478271338720807,1.0
100020403|F|0-39:T>G-39:T>G,,,0.16842105263157894,-73.39074851746976,47.16458304274452,-1.5560563410675523,0.12320434264824598,2.421311336576539,0.9478271338720807,1.0
100020363|F|0-42:C>T-42:C>T,,,0.05789473684210526,-105.82168234826459,68.03172731288637,-1.5554754601713625,0.12334251351710805,2.419503907195312,0.9478271338720807,1.0
100054560|F|0-33:A>G-33:A>G,,,0.09042553191489362,98.91730250481076,63.70435109765968,1.552755829082524,0.12399105370972557,2.411050664749757,0.9478271338720807,1.0
100019784|F|0-32:C>G-32:C>G,,,0.1736842105263158,-70.5433191022472,45.487423203818,-1.5508312877201214,0.12445162433671188,2.40507768297165,0.9478271338720807,1.0
100033181|F|0-15:C>A-15:C>A,,,0.39473684210526316,-62.720854269865,40.75621301132728,-1.5389274330378324,0.12733060720618422,2.3682976441564123,0.9478271338720807,1.0
100014429|F|0-23:C>T-23:C>T,,,0.42105263157894735,-62.64267404242566,40.74610929278952,-1.5373903209333164,0.12770617269223072,2.3635689988994457,0.9478271338720807,1.0
100020859|F|0-32:T>C-32:T>C,,,0.13157894736842105,77.44245170576009,50.37522709758173,1.5373122101414354,0.12772528101195885,2.3633288314499445,0.9478271338720807,1.0
100019939|F|0-42:C>T-42:C>T,,,0.12105263157894737,-82.45193873560687,53.7295112940898,-1.5345745150054346,0.12839643542977142,2.354918942104165,0.9478271338720807,1.0
100018441|F|0-12:A>C-12:A>C,,,0.08421052631578947,95.82920567809511,62.5893239640386,1.531079097980909,0.12925739512196135,2.344203204274034,0.9478271338720807,1.0
100045297|F|0-46:T>C-46:T>C,,,0.3473684210526316,64.5037759871551,42.2434375162814,1.5269537655948133,0.13027936812761573,2.3315878022641803,0.9478271338720807,1.0
100041246|F|0-21:G>A-21:G>A,,,0.11578947368421053,77.19662982155735,50.59969250202852,1.5256343666211525,0.13060756642299717,2.327560220615525,0.9478271338720807,1.0
100013424|F|0-13:C>A-13:C>A,,,0.21578947368421053,58.60454937734672,38.529271619535734,1.5210396385389258,0.13175558938501644,2.313561582006626,0.9478271338720807,1.0
100018408|F|0-53:G>A-53:G>A,,,0.2578947368421053,-63.403995824854654,41.692056906442495,-1.5207691951283195,0.1318234084474387,2.3127389448512368,0.9478271338720807,1.0
100041891|F|0-46:G>A-46:G>A,,,0.10526315789473684,85.75131310833603,56.39876367033479,1.5204466822991798,0.13190432090630708,2.311758113714583,0.9478271338720807,1.0
100036086|F|0-33:A>G-33:A>G,,,0.4368421052631579,-61.753470536876485,40.65459553525464,-1.5189788441831977,0.13227306851587228,2.3072967290761235,0.9478271338720807,1.0
100043501|F|0-12:T>G-12:T>G,,,0.4368421052631579,-61.753470536876485,40.65459553525464,-1.5189788441831977,0.13227306851587228,2.3072967290761235,0.9478271338720807,1.0
100044458|F|0-65:A>T-65:A>T,,,0.05789473684210526,109.5052781558512,72.27866058066678,1.5150429916121309,0.13326583391464386,2.295355266433035,0.9478271338720807,1.0
100032852|F|0-43:C>T-43:C>T,,,0.16842105263157894,67.68557749358821,44.85889380956977,1.5088552513336566,0.13483845119549695,2.276644169477152,0.9478271338720807,1.0
100039949|F|0-62:A>T-62:A>T,,,0.5,-74.09440007360736,49.11617151618983,-1.5085540624676768,0.13491536912386526,2.275735359387731,0.9478271338720807,1.0
100019045|F|0-23:G>C-23:G>C,,,0.38421052631578945,57.53004947352068,38.21746532654937,1.5053339875356675,0.1357398714766675,2.266030414030033,0.9478271338720807,1.0
100029523|F|0-44:T>G-44:T>G,,,0.05263157894736842,112.7593474196453,75.07894762012606,1.5018770373576524,0.13662942406422265,2.2556346353421994,0.9478271338720807,1.0
100021995|F|0-64:T>A-64:T>A,,,0.26842105263157895,67.5581720433919,45.02683309387181,1.5003980382663562,0.13701139870591278,2.25119427323353,0.9478271338720807,1.0
100040739|F|0-38:C>T-38:C>T,,,0.49473684210526314,56.49024785474247,37.723583144074425,1.4974783185095155,0.1377679202684427,2.242441314406086,0.9478271338720807,1.0
100041635|F|0-30:A>G-30:A>G,,,0.1368421052631579,89.1431773955006,59.59089445956677,1.4959194387656902,0.13817317643686253,2.2377749672770575,0.9478271338720807,1.0
100040147|F|0-11:C>G-11:C>G,,,0.3736842105263158,-85.31384582850293,57.03720251620284,-1.4957578924784645,0.13821522638113315,2.2372916729116175,0.9478271338720807,1.0
100020248|F|0-34:C>A-34:C>A,,,0.19473684210526315,67.69192770970801,45.34457105306796,1.4928342277289677,0.13897798022429822,2.228554031479143,0.9478271338720807,1.0
100054559|F|0-11:G>A-11:G>A,,,0.12234042553191489,66.68935282489835,44.75023160343474,1.4902571547759254,0.13965304118394758,2.2208663873608363,0.9478271338720807,1.0
100034432|F|0-24:T>A-24:T>A,,,0.12631578947368421,-98.87418635738402,66.55680628362931,-1.4855608596367351,0.14088982488827057,2.2068910676846354,0.9478271338720807,1.0
100017549|F|0-22:C>T-22:C>T,,,0.3631578947368421,-68.24236928099234,45.94185451567084,-1.4854073698247152,0.14093039092296747,2.206435054329578,0.9478271338720807,1.0
100044506|F|0-28:G>A-28:G>A,,,0.05263157894736842,90.99373080300491,61.360503507858304,1.4829365080316126,0.14158467551730272,2.199100686852993,0.9478271338720807,1.0
100032976|F|0-16:C>T-16:C>T,,,0.1578947368421053,-64.20791310819314,43.30894290378054,-1.4825555371056696,0.1416857674825114,2.1979709206026805,0.9478271338720807,1.0
100019370|F|0-59:C>T-59:C>T,,,0.3263157894736842,-63.954564910799824,43.13886858643211,-1.4825276370580243,0.1416931730726704,2.197888194640849,0.9478271338720807,1.0
100047522|F|0-17:A>C-17:A>C,,,0.4473684210526316,-57.023718995214566,38.50537903196222,-1.4809286501992565,0.14211810218100265,2.193149666980992,0.9478271338720807,1.0
100029181|F|0-14:G>C-14:G>C,,,0.12631578947368421,72.75583012026826,49.28244883711907,1.4763030619831794,0.14335295099707449,2.179470730820911,0.9478271338720807,1.0
100028644|F|0-13:T>C-13:T>C,,,0.4,-57.29689308881351,39.07163819668083,-1.4664574032035578,0.14600920191715608,2.150497315410522,0.9478271338720807,1.0
100035301|F|0-17:C>T-17:C>T,,,0.2789473684210526,-66.9317794194987,45.652898460466616,-1.4661014234935958,0.14610595403555882,2.149453383969948,0.9478271338720807,1.0
100014032|F|0-46:C>T-46:C>T,,,0.32105263157894737,59.782320549003494,40.78826601577764,1.4656744791719907,0.14622205948941128,2.1482016788960863,0.9478271338720807,1.0
100051142|F|0-37:G>C-37:G>C,,,0.2765957446808511,54.72404428898355,37.47281939020143,1.4603663449805182,0.1476715820031895,2.132669861551758,0.9478271338720807,1.0
100016651|F|0-34:T>C-34:T>C,,,0.39473684210526316,51.81181942613921,35.490772703456024,1.4598673254891932,0.1478084242898805,2.13121260803097,0.9478271338720807,1.0
100019698|F|0-15:C>A-15:C>A,Vu07 (old2),37885937.0,0.2578947368421053,63.0354623005976,43.190201558553234,1.4594852541991503,0.1479132633462437,2.1300972072247584,0.9478271338720807,1.0
100018050|F|0-8:G>T-8:G>T,,,0.26842105263157895,-58.51287220734336,40.123859264804295,-1.458306186879423,0.14823715962225462,2.126656934690802,0.9478271338720807,1.0
100053755|F|0-5:T>C-5:T>C,,,0.2074468085106383,-55.183141358576094,37.88293545506777,-1.4566754317132515,0.1486860444986152,2.1219033133569876,0.9478271338720807,1.0
100013547|F|0-56:A>T-56:A>T,,,0.20526315789473684,66.58179960171262,45.730394485963416,1.4559638146604963,0.14888225602799593,2.119830629600744,0.9478271338720807,1.0
100041804|F|0-61:A>T-61:A>T,,,0.3103448275862069,-52.61126857748805,36.16682375149986,-1.4546831355436962,0.14923587918212808,2.1161030248352395,0.9478271338720807,1.0
100039190|F|0-22:G>A-22:G>A,,,0.14736842105263157,-86.79981293899374,59.67156338799162,-1.454626090062548,0.14925164582043374,2.1159370618906563,0.9478271338720807,1.0
100015913|F|0-42:T>A-42:T>A,,,0.13978494623655913,-66.85334715706664,46.00155778593362,-1.453284418500912,0.1496228394155834,2.1120356010575336,0.9478271338720807,1.0
100018004|F|0-47:G>A-47:G>A,Vu08 (old5),35769922.0,0.34210526315789475,59.89791099422607,41.41350997908892,1.4463374638969397,0.15155628250677528,2.0918920594718315,0.9478271338720807,1.0
100029063|F|0-9:C>T-9:C>T,,,0.08947368421052632,-80.84849159860853,55.924927018872104,-1.4456611015571976,0.15174555333935588,2.08993602055557,0.9478271338720807,1.0
100015215|F|0-15:G>A-15:G>A,,,0.18947368421052632,-84.5391505072291,58.50534805677267,-1.4449815839945714,0.15193589136598787,2.087971778083461,0.9478271338720807,1.0
100022134|F|0-54:T>C-54:T>C,,,0.3031914893617021,54.6089015694159,37.83576029395594,1.443314503135262,0.15240363627661038,2.0831567549605885,0.9478271338720807,1.0
100034740|F|0-59:T>C-59:T>C,Vu08 (old5),34703845.0,0.22631578947368422,69.70923139812867,48.60124275401533,1.4343096482315658,0.15494948156394345,2.057244167010158,0.9478271338720807,1.0
100015028|F|0-52:A>T-52:A>T,,,0.12631578947368421,-77.15521035002864,54.002499693408,-1.4287340546838956,0.1565421926048663,2.041280999013485,0.9478271338720807,1.0
100033932|F|0-52:T>C-52:T>C,,,0.11578947368421053,73.88608085415682,51.76999075884816,1.4271990350225963,0.15698289136516666,2.03689708556943,0.9478271338720807,1.0
100051037|F|0-43:C>T-43:C>T,,,0.12631578947368421,75.10796331897019,52.863393251478584,1.4207934583705413,0.15883223673508035,2.018654051348523,0.9478271338720807,1.0
100033535|F|0-8:A>G-8:A>G,,,0.12105263157894737,74.78498423257743,52.649643048585524,1.420427184350808,0.1589384878192423,2.0176133860427643,0.9478271338720807,1.0
100020579|F|0-68:T>C-68:T>C,Vu03 (old3),51968724.0,0.39473684210526316,60.85778232977491,42.898472847166055,1.4186468256479037,0.15945572466778785,2.012558815920874,0.9478271338720807,1.0
100021487|F|0-66:T>G-66:T>G,,,0.3736842105263158,69.02660372329757,48.70050401046303,1.4173693912586118,0.15982764695336504,2.008935991276808,0.9478271338720807,1.0
100020818|F|0-29:A>G-29:A>G,,,0.33157894736842103,-57.119316287688555,40.30065337154094,-1.4173297827479996,0.1598391895382189,2.008823713064492,0.9478271338720807,1.0
100016319|F|0-60:C>A-60:C>A,,,0.1,-77.59526074275713,54.97906066158317,-1.4113602489570565,0.16158614950197658,1.9919377523361244,0.9478271338720807,1.0
100014760|F|0-37:A>T-37:A>T,,,0.43157894736842106,-56.137728505907084,39.77968082072892,-1.411216162314055,0.16162849633089155,1.9915310567764088,0.9478271338720807,1.0
100014938|F|0-65:C>T-65:C>T,,,0.29473684210526313,-76.957964259489,54.69402521998067,-1.4070634580278605,0.16285263361812077,1.9798275749173206,0.9478271338720807,1.0
100015597|F|0-7:A>G-7:A>G,,,0.19473684210526315,73.06686139379231,52.33355135843034,1.3961762482610893,0.16609572084717594,1.949308116208411,0.9478271338720807,1.0
100013355|F|0-21:A>G-21:A>G,,,0.3263157894736842,-52.236627354062286,37.43537057145822,-1.3953816018556782,0.16633435084404835,1.9470898147973184,0.9478271338720807,1.0
100014556|F|0-12:G>A-12:G>A,,,0.3684210526315789,-61.60436093700127,44.18575517147675,-1.3942131507750886,0.16668570922713277,1.9438303097941998,0.9478271338720807,1.0
100040506|F|0-18:G>A-18:G>A,,,0.09473684210526316,72.90359233539867,52.401825808974216,1.3912414540890552,0.167581867195171,1.9355527835758286,0.9478271338720807,1.0
100033304|F|0-17:G>A-17:G>A,,,0.49473684210526314,52.505548561098756,37.75635668719736,1.3906412897858504,0.16776330117824717,1.9338831968572536,0.9478271338720807,1.0
100034752|F|0-27:G>T-27:G>T,,,0.17894736842105263,-66.26916617269845,47.66255548412303,-1.3903821458917263,0.16784168858867132,1.9331625116144815,0.9478271338720807,1.0
100016397|F|0-22:A>T-22:A>T,,,0.07368421052631578,-98.23581239193501,70.76929294760058,-1.3881135207140103,0.16852911045293875,1.926859146389045,0.9478271338720807,1.0
100034034|F|0-18:A>G-18:A>G,,,0.16842105263157894,-71.81482559740134,51.794199463304516,-1.3865418587709066,0.1690066020245186,1.9224983261238808,0.9478271338720807,1.0
100016234|F|0-15:C>T-15:C>T,Vu06 (old6),20274938.0,0.15789473684210525,-67.18711242194597,48.46729616031348,-1.386236034288227,0.16909963534300776,1.9216503427591503,0.9478271338720807,1.0
100021629|F|0-12:T>C-12:T>C,,,0.12105263157894737,74.04428747477756,53.418796756264754,1.386109234407155,0.1691382199457573,1.9212988097087895,0.9478271338720807,1.0
100051758|F|0-6:T>G-6:T>G,,,0.4842105263157895,-56.01081183699372,40.445029126058344,-1.384862690107608,0.1695178950059326,1.9178446704520806,0.9478271338720807,1.0
100033784|F|0-28:C>T-28:C>T,,,0.15789473684210525,62.771096820321716,45.35933867934288,1.3838626983534117,0.16982294401727827,1.9150759678939857,0.9478271338720807,1.0
100021541|F|0-63:C>G-63:C>G,,,0.12105263157894737,70.05371186013923,51.16115432445361,1.3692754353405099,0.17432050391854187,1.8749152178269428,0.9478271338720807,1.0
100013004|F|0-22:T>A-22:T>A,,,0.19473684210526315,-63.517750959056265,46.39219601324517,-1.3691473225566144,0.17436040060286462,1.874564390863946,0.9478271338720807,1.0
100013231|F|0-33:C>T-33:C>T,,,0.06842105263157895,101.10275745469474,73.978818205658,1.3666446681215334,0.17514116445751837,1.8677176489050162,0.9478271338720807,1.0
100034427|F|0-43:T>A-43:T>A,,,0.4105263157894737,90.18501480022877,66.04742582863602,1.365458436400219,0.1755121635986506,1.8644767415365306,0.9478271338720807,1.0
100022228|F|0-38:T>C-38:T>C,Vu03 (old3),4384995.0,0.28421052631578947,-52.496333396515304,38.489499846422966,-1.3639131089253183,0.17599636513438607,1.860258968698327,0.9478271338720807,1.0
100035150|F|0-22:T>A-22:T>A,,,0.06842105263157895,95.52253658121617,70.42203408067992,1.35642967188053,0.17835550573411718,1.8399014547579222,0.9478271338720807,1.0
100045027|F|0-42:C>G-42:C>G,,,0.24210526315789474,65.5380410488341,48.3971781027413,1.3541707103192018,0.1790723201277603,1.8337783126864116,0.9478271338720807,1.0
100021345|F|0-28:C>T-28:C>T,,,0.48947368421052634,-64.82762006277947,47.882574990089594,-1.3538875065970668,0.17916233986962085,1.8330113805196226,0.9478271338720807,1.0
100038543|F|0-16:T>C-16:T>C,Vu08 (old5),28171940.0,0.29473684210526313,-52.87677886783651,39.07019843828366,-1.353378815092585,0.17932411955415342,1.8316342171414093,0.9478271338720807,1.0
100022184|F|0-19:G>C-19:G>C,,,0.15789473684210525,-71.6893429571417,53.1412575597517,-1.3490336181174232,0.18071053007142068,1.8198917028109856,0.9478271338720807,1.0
100041312|F|0-45:T>A-45:T>A,,,0.28421052631578947,-71.99056077507854,53.37301223180833,-1.3488195206673166,0.1807790502089165,1.8193140993332098,0.9478271338720807,1.0
100028947|F|0-38:C>A-38:C>A,,,0.06842105263157895,-103.80293127419255,77.36896063915684,-1.341661183201385,0.1830813245923714,1.8000547305093402,0.9478271338720807,1.0
100046187|F|0-5:T>A-5:T>A,,,0.4,-64.34259421336722,47.97016694892658,-1.341304362810999,0.18319666110752875,1.7990973936958203,0.9478271338720807,1.0
100017652|F|0-34:G>A-34:G>A,,,0.06521739130434782,-102.30467173058067,76.36565902605602,-1.3396685504367118,0.18372611223722962,1.7947118250292007,0.9478271338720807,1.0
100046659|F|0-30:C>A-30:C>A,Vu05 (old1),46605557.0,0.08421052631578947,-79.28947888333327,59.25913797144153,-1.338012694709546,0.184263223371938,1.790277971203901,0.9478271338720807,1.0
100017329|F|0-16:T>C-16:T>C,,,0.2,-60.65543069117845,45.36239181390391,-1.337130346653968,0.18454991352863653,1.7879175639429603,0.9478271338720807,1.0
100040976|F|0-5:T>C-5:T>C,,,0.3105263157894737,-62.861982321676315,47.06234405172676,-1.3357171978638376,0.18500976912950282,1.7841404326692223,0.9478271338720807,1.0
100016158|F|0-51:C>A-51:C>A,,,0.06315789473684211,-94.71851993135093,71.10161809115327,-1.33215702362667,0.1861721129710584,1.7746423355978682,0.9478271338720807,1.0
100020755|F|0-11:C>A-11:C>A,,,0.14736842105263157,-67.16181771172748,50.51672981327774,-1.329496544213651,0.187044296261906,1.7675610610760406,0.9478271338720807,1.0
100018738|F|0-46:T>C-46:T>C,,,0.4052631578947368,-48.44720060386208,36.45733239551453,-1.3288739855750584,0.18724883155064825,1.7659060695381406,0.9478271338720807,1.0
100036033|F|0-33:T>C-33:T>C,,,0.05789473684210526,-96.42494112353894,72.62816445309461,-1.3276521835521946,0.18765073020478248,1.7626603204909101,0.9478271338720807,1.0
100035246|F|0-43:C>A-43:C>A,,,0.4736842105263158,50.245339419041215,37.867592503337185,1.3268691273313244,0.18790864833872126,1.7605816810649906,0.9478271338720807,1.0
100033542|F|0-31:T>C-31:T>C,,,0.06842105263157895,82.47250658911851,62.426669624004795,1.3211101454850882,0.1898136822855599,1.745332016503631,0.9478271338720807,1.0
100014470|F|0-59:T>C-59:T>C,,,0.11052631578947368,-70.51957578784561,53.495898917600876,-1.3182239613632085,0.1907738385473486,1.7377144123121098,0.9478271338720807,1.0
100020907|F|0-40:A>T-40:A>T,,,0.1368421052631579,-61.55256645012038,46.767164059262115,-1.3161492189717254,0.19146629243528832,1.732248766599883,0.9478271338720807,1.0
100028868|F|0-14:T>C-14:T>C,,,0.2631578947368421,56.56647945177539,43.026383812694064,1.31469285678353,0.1919534812208655,1.7284173076776397,0.9478271338720807,1.0
100022059|F|0-28:G>C-28:G>C,,,0.1631578947368421,-69.73526564053999,53.24741122069843,-1.3096461225411156,0.19364890862964543,1.7151729662869788,0.9478271338720807,1.0
100033716|F|0-51:T>C-51:T>C,,,0.10526315789473684,-66.44696067763326,50.89160702740735,-1.3056565622274154,0.19499707633771923,1.7047390584875128,0.9478271338720807,1.0
100017460|F|0-50:C>T-50:C>T,,,0.3157894736842105,58.55543008992557,44.90130049447953,1.3040920740619701,0.19552766048429174,1.700656137631251,0.9478271338720807,1.0
100013882|F|0-67:C>T-67:C>T,,,0.2894736842105263,-51.505472887351125,39.550083108434436,-1.3022848206447153,0.19614191523511385,1.6959457540816383,0.9478271338720807,1.0
100058673|F|0-34:G>A-34:G>A,Vu05 (old1),1696325.0,0.2789473684210526,63.14923733257666,48.51429106399453,1.3016625812232807,0.1963537361890141,1.694325475356854,0.9478271338720807,1.0
100032841|F|0-19:T>A-19:T>A,Vu05 (old1),2448565.0,0.38421052631578945,-53.61701682210086,41.19327417690208,-1.3015963866296656,0.1963762799850633,1.694153153687402,0.9478271338720807,1.0
100034109|F|0-45:G>A-45:G>A,,,0.4105263157894737,-57.14701540268101,44.04707510980333,-1.2974077225382463,0.19780673055683765,1.6832667985018792,0.9478271338720807,1.0
100021653|F|0-36:G>A-36:G>A,,,0.07368421052631578,-90.01392460146924,69.49927567376429,-1.2951778810473151,0.19857138744460548,1.6774857435542132,0.9478271338720807,1.0
100044970|F|0-28:C>T-28:C>T,,,0.18421052631578946,58.69600505730211,45.324407213505246,1.2950198064545795,0.19862567765232497,1.6770762991096564,0.9478271338720807,1.0
100055640|F|0-33:G>T-33:G>T,,,0.38421052631578945,60.30441128033744,46.572132471189846,1.294860425763037,0.1986804276053482,1.6766635222072332,0.9478271338720807,1.0
100015328|F|0-33:T>C-33:T>C,,,0.2789473684210526,53.36667731072561,41.22163570551441,1.2946278428147504,0.1987603438948354,1.6760612513911741,0.9478271338720807,1.0
100041567|F|0-33:A>T-33:A>T,,,0.4631578947368421,-50.25617511590098,38.90024166266625,-1.2919244962977536,0.19969097625049242,1.6690689041342044,0.9478271338720807,1.0
100021166|F|0-38:T>C-38:T>C,,,0.3684210526315789,-50.52870859683818,39.122332835584366,-1.2915566361850221,0.19981786254469305,1.6681185444735696,0.9478271338720807,1.0
100034528|F|0-51:A>G-51:A>G,Vu09 (old8),1037776.0,0.11578947368421053,68.55710404365031,53.099404697500134,1.2911087126910465,0.1999724459888105,1.6669617079867314,0.9478271338720807,1.0
100020878|F|0-38:C>T-38:C>T,,,0.24736842105263157,51.93000637871695,40.263042575153186,1.2897685583941336,0.2004354785542021,1.6635029342220817,0.9478271338720807,1.0
100029921|F|0-17:C>T-17:C>T,,,0.15263157894736842,-68.78824143080851,53.436546575213505,-1.2872883043440513,0.20129452167298328,1.6571111785009829,0.9478271338720807,1.0
100033927|F|0-14:A>G-14:A>G,,,0.2736842105263158,53.46947463664835,41.6635816210218,1.2833624128385008,0.20265984213379984,1.6470190826866586,0.9478271338720807,1.0
100013767|F|0-67:G>C-67:G>C,,,0.10526315789473684,77.58939250636072,60.47844327501216,1.2829264165008407,0.20281189224269927,1.6459001901556887,0.9478271338720807,1.0
100014460|F|0-15:A>T-15:A>T,,,0.3894736842105263,54.23114301905719,42.296872684404704,1.2821549106880608,0.2030811555033049,1.643921215001509,0.9478271338720807,1.0
100041804|F|0-41:G>A-41:G>A,,,0.3707865168539326,-49.431332866963444,38.59279649542337,-1.2808435085243275,0.20353945522121447,1.640560093328909,0.9478271338720807,1.0
100033134|F|0-15:C>T-15:C>T,,,0.1631578947368421,-69.14741673056913,54.103621578092095,-1.27805523389526,0.20451642533312742,1.6334251808870677,0.9478271338720807,1.0
100021344|F|0-55:A>T-55:A>T,,,0.1631578947368421,-69.14741673056913,54.103621578092095,-1.27805523389526,0.20451642533312742,1.6334251808870677,0.9478271338720807,1.0
100058484|F|0-60:G>A-60:G>A,,,0.1631578947368421,-69.14741673056913,54.103621578092095,-1.27805523389526,0.20451642533312742,1.6334251808870677,0.9478271338720807,1.0
100017658|F|0-34:T>G-34:T>G,Vu01 (old4),30643579.0,0.3736842105263158,58.71450323406279,46.02918586313456,1.2755929120416636,0.2053820661439218,1.6271372772509314,0.9478271338720807,1.0
100020887|F|0-26:A>G-26:A>G,,,0.14736842105263157,59.45701100512654,46.66796729954816,1.2740432987682797,0.2059282263380579,1.62318632713636,0.9478271338720807,1.0
100033255|F|0-59:G>A-59:G>A,,,0.1827956989247312,54.81799201405771,43.10073612254401,1.271857442485418,0.20670045271497187,1.6176213540055486,0.9478271338720807,1.0
100013045|F|0-44:C>T-44:C>T,,,0.11052631578947368,72.25993440920905,56.86922237973962,1.27063341796199,0.20713381256512242,1.6145092828417693,0.9478271338720807,1.0
100047059|F|0-34:G>T-34:G>T,,,0.34042553191489366,-50.370206773525126,39.6897409063224,-1.2690989062491305,0.2076780454012618,1.6106120338427392,0.9478271338720807,1.0
100033265|F|0-68:G>A-68:G>A,,,0.05789473684210526,94.03070421393566,74.09570102200527,1.269043991985581,0.20769754092421305,1.6104726535946992,0.9478271338720807,1.0
100018520|F|0-35:A>G-35:A>G,,,0.07446808510638298,-73.56659963509334,58.05943333099075,-1.2670912445131501,0.20839167796243624,1.6055202219218836,0.9478271338720807,1.0
100019344|F|0-54:A>C-54:A>C,,,0.1,-68.34562667252897,54.030319945700015,-1.2649495087427893,0.20915495838558518,1.600097259668624,0.9478271338720807,1.0
100014593|F|0-28:A>C-28:A>C,,,0.07894736842105263,-81.66659506039636,64.94866356261169,-1.2574022401810976,0.21186109571855272,1.5810603936124425,0.9478271338720807,1.0
100013640|F|0-30:A>G-30:A>G,,,0.07894736842105263,82.0373037773044,65.43960917187084,1.2536337673081346,0.21322190491321186,1.5715976225351862,0.9478271338720807,1.0
100014043|F|0-61:T>G-61:T>G,,,0.1736842105263158,-59.520805498696646,47.49757432619029,-1.2531335829896626,0.2134030044181758,1.5703437768165096,0.9478271338720807,1.0
100015059|F|0-7:C>A-7:C>A,,,0.12105263157894737,82.89959124393552,66.24812108796303,1.2513500742740005,0.21404967017075732,1.5658770083855464,0.9478271338720807,1.0
100014835|F|0-60:A>G-60:A>G,,,0.29473684210526313,-50.78139169345223,40.59893931269135,-1.2508058721026196,0.21424727320486572,1.5645153296863947,0.9478271338720807,1.0
100016220|F|0-31:G>A-31:G>A,,,0.1774193548387097,63.32956199887507,50.64784560321422,1.2503900461040744,0.2143983522138418,1.5634752673961494,0.9478271338720807,1.0
100030838|F|0-17:T>C-17:T>C,,,0.20652173913043478,-52.406172870061106,41.92016466171284,-1.250142343021985,0.2144883854695834,1.5628558778164983,0.9478271338720807,1.0
100019259|F|0-35:C>T-35:C>T,,,0.12087912087912087,60.89837975668722,48.717159593980654,1.2500396218545475,0.21452572991691315,1.5625990562062602,0.9478271338720807,1.0
100016646|F|0-38:G>A-38:G>A,,,0.05789473684210526,-93.118250870836,74.56776944719108,-1.2487734521384921,0.21498643949155638,1.5594351347658868,0.9478271338720807,1.0
100013065|F|0-5:C>A-5:C>A,,,0.4789473684210526,46.52856050551592,37.27468024914094,1.2482618279894768,0.21517280500144778,1.5581575912156302,0.9478271338720807,1.0
100030229|F|0-11:A>T-11:A>T,,,0.33870967741935487,46.10706140548816,36.955315740231654,1.2476435522723297,0.2153981775891192,1.5566144335267176,0.9478271338720807,1.0
100021941|F|0-59:G>A-59:G>A,,,0.2736842105263158,55.56891189839674,44.562510208268,1.2469879196366869,0.21563735628569036,1.5549788717198323,0.9478271338720807,1.0
100017716|F|0-8:C>T-8:C>T,,,0.05263157894736842,-94.93426972678553,76.27340052821826,-1.2446576272899155,0.21648903493301008,1.5491726091709621,0.9478271338720807,1.0
100038566|F|0-46:T>A-46:T>A,,,0.17894736842105263,-61.723180740201656,49.61575146570826,-1.2440239020235622,0.2167210749422516,1.5475954688059295,0.9478271338720807,1.0
100058672|F|0-30:C>T-30:C>T,,,0.18681318681318682,-66.92353190896546,53.79630820387026,-1.2440171852564186,0.2167235352766159,1.5475787572133024,0.9478271338720807,1.0
100019303|F|0-21:A>G-21:A>G,Vu04 (old11),37777897.0,0.10526315789473684,-69.2010829686989,55.72257162738833,-1.2418860247771788,0.21750520603317072,1.5422808985368635,0.9478271338720807,1.0
100033423|F|0-16:C>T-16:C>T,,,0.34239130434782605,47.29755058577508,38.1399640845816,1.2401047489422128,0.21816012530308612,1.5378597883490286,0.9478271338720807,1.0
100035121|F|0-27:C>T-27:C>T,,,0.21505376344086022,53.262262307233506,42.97440837917138,1.2393948937537531,0.2184215179395878,1.5360997026628769,0.9478271338720807,1.0
100047143|F|0-59:C>T-59:C>T,,,0.3736842105263158,51.244795477609216,41.388534974673746,1.238139873976372,0.218884218286258,1.5329903475302264,0.9478271338720807,1.0
100019588|F|0-22:A>G-22:A>G,,,0.21578947368421053,54.387452888966564,43.942997616508,1.2376819024411505,0.219053241233064,1.5318564916303457,0.9478271338720807,1.0
100014127|F|0-16:C>T-16:C>T,,,0.37894736842105264,49.59921970949895,40.11676658358705,1.2363713213564786,0.2195374621751146,1.528614044272765,0.9478271338720807,1.0
100016472|F|0-40:C>G-40:C>G,,,0.46842105263157896,-52.78141569053115,42.79878821143311,-1.2332455636309654,0.22069548950987292,1.5208946202154574,0.9478271338720807,1.0
100040427|F|0-30:T>C-30:T>C,,,0.06315789473684211,-83.43571744109028,67.88725559428991,-1.2290335897465292,0.22226297185347918,1.51052356472524,0.9478271338720807,1.0
100014250|F|0-55:T>C-55:T>C,,,0.45263157894736844,-46.14709708659479,37.56225385555998,-1.2285497367662372,0.22244355507169597,1.5093344557083908,0.9478271338720807,1.0
100045081|F|0-27:C>A-27:C>A,,,0.16842105263157894,-66.76444137703093,54.40002583088524,-1.2272869425574038,0.22291535716331923,1.5062332393719002,0.9478271338720807,1.0
100019055|F|0-38:T>A-38:T>A,,,0.20526315789473684,54.05629414416419,44.10473374918932,1.2256347459564425,0.22353374581239055,1.5021805304957134,0.9478271338720807,1.0
100041853|F|0-21:T>C-21:T>C,,,0.15217391304347827,61.3300017772672,50.122978705868086,1.223590523962357,0.22430058828135552,1.4971737703304753,0.9478271338720807,1.0
100039187|F|0-27:A>C-27:A>C,,,0.05851063829787234,-74.88791917372019,61.23959929456031,-1.2228675568811602,0.22457224973780848,1.4954050616724976,0.9478271338720807,1.0
100035964|F|0-51:G>A-51:G>A,,,0.23157894736842105,-53.221061624411156,43.54075544799761,-1.2223274740369423,0.22477534672027438,1.4940844537855318,0.9478271338720807,1.0
100045002|F|0-68:G>C-68:G>C,,,0.05319148936170204,-90.29615065404161,73.9009208541482,-1.2218542016851353,0.22495342942499622,1.4929276901756192,0.9478271338720807,1.0
100040451|F|0-37:G>A-37:G>A,,,0.3894736842105263,49.60580830852973,40.6217858927751,1.2211626647698055,0.22521382485098432,1.4912382538276925,0.9478271338720807,1.0
100018613|F|0-47:T>C-47:T>C,,,0.39473684210526316,43.213951043755365,35.521855772853904,1.2165454226290684,0.22695803945284934,1.4799827653197386,0.9478271338720807,1.0
100013667|F|0-32:C>A-32:C>A,,,0.17894736842105263,-57.67135571740076,47.48185954217938,-1.2145976647390944,0.22769675657757407,1.4752474871896615,0.9478271338720807,1.0
100038943|F|0-17:C>T-17:C>T,,,0.42105263157894735,44.87632987857201,37.05865753668727,1.2109540080923171,0.2290833440842869,1.4664096097148476,0.9478271338720807,1.0
100045000|F|0-23:G>A-23:G>A,Vu09 (old8),33438135.0,0.05263157894736842,89.26042384908726,73.84151439943412,1.2088108508480333,0.22990176772188545,1.4612236731279462,0.9478271338720807,1.0
100044261|F|0-5:T>A-5:T>A,Vu09 (old8),3387810.0,0.4105263157894737,-45.33357836749383,37.516807634104595,-1.2083538346232692,0.23007656514029154,1.460118989648759,0.9478271338720807,1.0
100041232|F|0-30:T>A-30:T>A,,,0.11052631578947368,62.38712931847521,51.636731795024055,1.2081928338556684,0.23013816684015848,1.4597299237801908,0.9478271338720807,1.0
100046739|F|0-18:T>G-18:T>G,,,0.05789473684210526,84.14013136067209,69.87660721232524,1.2041244519071463,0.23169876026325112,1.4499156956806856,0.9478271338720807,1.0
100039240|F|0-17:G>A-17:G>A,,,0.2925531914893617,49.56191001072398,41.243622758137974,1.2016866292606336,0.23263753943601237,1.4440507549437835,0.9478271338720807,1.0
100020644|F|0-30:T>A-30:T>A,Vu08 (old5),17202857.0,0.17894736842105263,-69.77643249821645,58.167541567880235,-1.199576784877334,0.23345223011381808,1.4389844628166417,0.9478271338720807,1.0
100020992|F|0-62:A>G-62:A>G,,,0.43157894736842106,46.27098208473454,38.78290161258179,1.193076849869415,0.23597502311863822,1.4234323696943267,0.9478271338720807,1.0
100013175|F|0-57:A>T-57:A>T,,,0.38421052631578945,-45.762066868022345,38.375667646090726,-1.1924761098634349,0.2362091719975705,1.4219992725950308,0.9478271338720807,1.0
100015727|F|0-9:C>T-9:C>T,,,0.06521739130434782,71.8202359359858,60.284767118129494,1.191349645512477,0.2366486813520952,1.4193139778627046,0.9478271338720807,1.0
100040013|F|0-13:A>G-13:A>G,,,0.49473684210526314,-43.91575022482754,36.862452874836315,-1.1913409662113417,0.23665207001053815,1.4192932977733732,0.9478271338720807,1.0
100020264|F|0-33:T>A-33:T>A,,,0.2578947368421053,51.06057008925028,42.86343202801809,1.1912384910259648,0.2366920820211581,1.4190491425018177,0.9478271338720807,1.0
100021520|F|0-23:T>C-23:T>C,,,0.13157894736842105,-70.39544698950782,59.10942597915481,-1.190934369999348,0.23681085640901597,1.418324673645744,0.9478271338720807,1.0
100020016|F|0-66:T>C-66:T>C,,,0.06914893617021277,-72.28866593101661,60.71976910720342,-1.1905293283211897,0.23696911183874436,1.4173600815929033,0.9478271338720807,1.0
100014882|F|0-19:A>G-19:A>G,,,0.3684210526315789,-45.568143172049574,38.28358777499576,-1.190278806674739,0.23706703216913919,1.4167636376190407,0.9478271338720807,1.0
100015956|F|0-13:C>T-13:C>T,,,0.3368421052631579,-52.916832723541496,44.60552765468494,-1.1863290382572935,0.2386147052758714,1.407376587012475,0.9478271338720807,1.0
100018830|F|0-21:C>T-21:C>T,,,0.46842105263157896,54.216928688731635,45.73036068069792,1.185578418401055,0.23890964534843706,1.4055961861783468,0.9478271338720807,1.0
100041943|F|0-53:G>T-53:G>T,,,0.08421052631578947,-68.08486838498685,57.47147590197829,-1.1846723494818623,0.23926601406214573,1.4034485756268757,0.9478271338720807,1.0
100058921|F|0-26:G>A-26:G>A,,,0.13736263736263732,-59.961126551099696,50.64734024204123,-1.1838948751217404,0.23957210861330205,1.4016070753395213,0.9478271338720807,1.0
100017843|F|0-41:T>C-41:T>C,,,0.4421052631578947,42.905719975573284,36.25183039189878,1.1835463068138334,0.23970943236296274,1.4007818603726647,0.9478271338720807,1.0
100043410|F|0-43:T>A-43:T>A,,,0.3157894736842105,-51.89621817871735,43.85312524775281,-1.1834097999977025,0.23976322665752356,1.4004587547306022,0.9478271338720807,1.0
100034357|F|0-15:T>C-15:T>C,,,0.30526315789473685,-52.12814336063504,44.0540262299042,-1.1832776211780178,0.2398153236306996,1.4001459287807088,0.9478271338720807,1.0
100033468|F|0-18:T>A-18:T>A,Vu04 (old11),40488211.0,0.16842105263157894,50.44953762699709,42.64299235233663,1.183067482932696,0.2398981642418588,1.3996486691727048,0.9478271338720807,1.0
100013387|F|0-43:C>G-43:C>G,,,0.3473684210526316,44.62332231352039,37.81165606415343,1.1801472603529952,0.24105149650225158,1.3927475561186802,0.9478271338720807,1.0
100014059|F|0-25:C>G-25:C>G,,,0.4368421052631579,-48.412201732133525,41.02833364474464,-1.179969972734554,0.24112164326717714,1.3923291365551842,0.9478271338720807,1.0
100034612|F|0-26:G>A-26:G>A,,,0.12631578947368421,57.18348972802944,48.46443905514609,1.1799061506306145,0.24114689911037265,1.3921785242959546,0.9478271338720807,1.0
100013678|F|0-60:A>T-60:A>T,,,0.3684210526315789,61.007338241653365,51.708007306007026,1.1798431504160094,0.2411718315708109,1.3920298595835743,0.9478271338720807,1.0
100048192|F|0-15:C>T-15:C>T,,,0.30526315789473685,59.27423172713846,50.28012071945726,1.1788800599319302,0.24155320630372612,1.3897581957051115,0.9478271338720807,1.0
100013923|F|0-16:T>C-16:T>C,,,0.08421052631578947,68.07667299903834,57.782118164777295,1.1781616036453364,0.24183798914372712,1.3880647643041508,0.9478271338720807,1.0
100013779|F|0-68:G>C-68:G>C,Vu08 (old5),35689785.0,0.21052631578947367,51.42506439853902,43.65531628888863,1.177979425420587,0.2419102393996715,1.3876355267142164,0.9478271338720807,1.0
100017367|F|0-26:T>C-26:T>C,,,0.2631578947368421,53.178121168414755,45.168374300148265,1.1773308646231306,0.2421675781562966,1.3861079647942482,0.9478271338720807,1.0
100022248|F|0-57:T>A-57:T>A,,,0.35789473684210527,52.93407385165055,44.96486940673502,1.1772317933991792,0.24220690529761935,1.3858746953898478,0.9478271338720807,1.0
100021397|F|0-9:C>T-9:C>T,,,0.4526315789473684,44.14331047823689,37.560199091207565,1.1752682772272727,0.24298728182500332,1.3812555234567614,0.9478271338720807,1.0
100020434|F|0-43:G>A-43:G>A,,,0.1,-66.40814440277859,56.51237854817228,-1.1751079340284882,0.24305108762999045,1.380878656616702,0.9478271338720807,1.0
100044509|F|0-10:A>G-10:A>G,,,0.22340425531914895,71.13410623726013,60.81740298219154,1.1696340644155672,0.24523650525184743,1.368043844641279,0.9478271338720807,1.0
100014614|F|0-54:G>A-54:G>A,,,0.14210526315789473,-60.48210182926681,51.92275011105004,-1.1648478114104206,0.2471588503578018,1.3568704237476468,0.9478271338720807,1.0
100034899|F|0-59:G>C-59:G>C,,,0.42105263157894735,45.86407907943877,39.396927972191136,1.1641536901509824,0.24743852486437518,1.3552538142921495,0.9478271338720807,1.0
100013879|F|0-63:G>A-63:G>A,,,0.23684210526315788,56.15826856987888,48.30194193255997,1.162650326736098,0.24804503041314516,1.3517557822595552,0.9478271338720807,1.0
100040243|F|0-44:T>G-44:T>G,,,0.3526315789473684,42.618902697169915,36.70865945133213,1.1610040610083707,0.24871039982371276,1.3479304296779286,0.9478271338720807,1.0
100034797|F|0-19:G>T-19:G>T,,,0.08947368421052632,-76.11295243246755,65.65910177708577,-1.159214036933872,0.24943531094454563,1.3437771834245242,0.9478271338720807,1.0
100032980|F|0-45:T>A-45:T>A,,,0.5,-44.15522022584544,38.21735982459912,-1.1553707641893236,0.2509968010695873,1.3348816027434216,0.9478271338720807,1.0
100034520|F|0-31:G>A-31:G>A,,,0.2736842105263158,55.64722446260647,48.16781738733485,1.1552780981360853,0.251034535971922,1.3346674840329302,0.9478271338720807,1.0
100016306|F|0-56:A>G-56:A>G,,,0.18421052631578946,61.38812974623313,53.17631514210462,1.154426168533563,0.2513816421457221,1.3326997785950825,0.9478271338720807,1.0
100033255|F|0-46:T>C-46:T>C,,,0.09782608695652173,-66.70912119674553,57.79599070806839,-1.1542171070948155,0.2514668731481307,1.3322171303103247,0.9478271338720807,1.0
100035181|F|0-20:A>G-20:A>G,,,0.1368421052631579,-53.56537679517282,46.50167433654163,-1.1519021101801583,0.25241203057025213,1.3268784714375015,0.9478271338720807,1.0
100021620|F|0-68:T>C-68:T>C,Vu02 (old7),26207208.0,0.4421052631578948,50.47448260801365,44.0028244548321,1.1470736988673207,0.2543914487818197,1.3157780706331568,0.9478271338720807,1.0
100017877|F|0-34:T>G-34:T>G,,,0.3368421052631579,-49.65767601487748,43.33320025432686,-1.1459498888480806,0.25485372834998793,1.3132011477509282,0.9478271338720807,1.0
100017336|F|0-39:A>G-39:A>G,Vu07 (old2),40087974.0,0.28421052631578947,50.66284673409802,44.26759889724176,1.144467917758574,0.2554642452429451,1.309806814778646,0.9478271338720807,1.0
100033420|F|0-60:C>A-60:C>A,,,0.33157894736842103,-48.229794099312876,42.1666871107206,-1.1437890288291293,0.25574426711324394,1.3082533424698826,0.9478271338720807,1.0
100035865|F|0-64:G>A-64:G>A,,,0.3932584269662921,-34.986034933602184,30.592731095157706,-1.1436061339139434,0.25581974299506377,1.3078349895255963,0.9478271338720807,1.0
100021287|F|0-39:T>A-39:T>A,,,0.24736842105263157,55.06358366470203,48.2911554906673,1.1402415847213174,0.25721101129694496,1.3001508715277812,0.9478271338720807,1.0
100044400|F|0-16:A>G-16:A>G,,,0.3351063829787234,55.34836459325762,48.61094753520214,1.1385987601491723,0.25789226888294214,1.2964071366132324,0.9478271338720807,1.0
100013548|F|0-31:T>C-31:T>C,,,0.18947368421052632,50.192209657689645,44.1520350831496,1.1368039901935403,0.25863798939856353,1.2923233121199549,0.9478271338720807,1.0
100029518|F|0-19:G>C-19:G>C,,,0.3894736842105263,-42.14406883709311,37.11606869926091,-1.1354669369370016,0.2591945169899716,1.2892851648770969,0.9478271338720807,1.0
100039138|F|0-25:A>G-25:A>G,Vu04 (old11),6816983.0,0.11702127659574468,-63.06535056045145,55.5654043354646,-1.134975103928111,0.2593994468517994,1.2881684865366265,0.9478271338720807,1.0
100018106|F|0-5:T>C-5:T>C,Vu07 (old2),35385132.0,0.2789473684210526,-45.3316184951767,39.94137201920827,-1.1349539638592332,0.2594082577464897,1.2881205000797855,0.9478271338720807,1.0
100021780|F|0-9:A>G-9:A>G,Vu04 (old11),742456.0,0.3157894736842105,-50.11190185994453,44.18262009106926,-1.1341994149883785,0.25972288151318407,1.2864083129599801,0.9478271338720807,1.0
100017923|F|0-57:A>G-57:A>G,,,0.41052631578947374,49.44807880689976,43.60108203963249,1.1341021023733417,0.25976347744061196,1.2861875786076338,0.9478271338720807,1.0
100014138|F|0-28:A>G-28:A>G,,,0.4631578947368421,-40.838511277190705,36.01708361480352,-1.13386502122025,0.2598623993395952,1.2856498863467978,0.9478271338720807,1.0
100013529|F|0-11:C>G-11:C>G,,,0.4,-42.9554402306344,37.93844963072729,-1.1322402641315032,0.260541041305659,1.2819680157205762,0.9478271338720807,1.0
100040910|F|0-51:A>G-51:A>G,,,0.1276595744680851,-47.65359135207482,42.10686678758382,-1.1317296913226178,0.2607545587892673,1.2808120942211878,0.9478271338720807,1.0
100013950|F|0-50:T>C-50:T>C,Vu01 (old4),30947226.0,0.07368421052631578,80.73451290373458,71.43427859305703,1.1301928778991195,0.26139798449534335,1.277335941253894,0.9478271338720807,1.0
100045123|F|0-66:C>G-66:C>G,,,0.0585106382978724,83.14882199841018,73.63101436655761,1.129263567991472,0.2617876045412648,1.27523620599283,0.9478271338720807,1.0
100018053|F|0-15:A>T-15:A>T,,,0.16842105263157894,-51.74893208877038,45.92831335168779,-1.1267326908461073,0.2628507616909875,1.2695265566213096,0.9478271338720807,1.0
100059434|F|0-15:G>A-15:G>A,,,0.4263157894736842,-41.68939473405129,37.02087851344867,-1.126104955043319,0.2631149259813036,1.2681123697731158,0.9478271338720807,1.0
100033546|F|0-50:C>T-50:C>T,,,0.35789473684210527,65.92912590777703,58.549310771276765,1.126044440818946,0.2631404014688126,1.267976082699253,0.9478271338720807,1.0
100041653|F|0-45:T>C-45:T>C,,,0.4425287356321839,-51.37576224307337,45.68147983071336,-1.1246518815384683,0.2637271241688498,1.264841854648017,0.9478271338720807,1.0
100018641|F|0-26:C>A-26:C>A,,,0.1736842105263158,-61.601384949261025,54.88602164326018,-1.1223510669009378,0.2646985284912885,1.2596719173736732,0.9478271338720807,1.0
100013240|F|0-26:A>G-26:A>G,,,0.14210526315789473,58.631050920764636,52.41349117754087,1.118625178432838,0.2662769117366143,1.2513222898238987,0.9478271338720807,1.0
100033052|F|0-65:A>G-65:A>G,,,0.4,44.76775476081441,40.05343097269317,1.117700872899884,0.2666694890832556,1.2492552412811628,0.9478271338720807,1.0
100019065|F|0-15:C>T-15:C>T,,,0.4105263157894737,47.484389596353346,42.48876069499957,1.1175753027303925,0.26672285332191836,1.2489745572729285,0.9478271338720807,1.0
100038668|F|0-20:A>G-20:A>G,,,0.06842105263157895,-74.31650517294214,66.55648033203143,-1.1165930770707548,0.2671405328332208,1.2467800997623366,0.9478271338720807,1.0
100040128|F|0-22:T>C-22:T>C,,,0.06842105263157895,-74.31650517294214,66.55648033203143,-1.1165930770707548,0.2671405328332208,1.2467800997623366,0.9478271338720807,1.0
100015067|F|0-38:T>A-38:T>A,,,0.25,-47.932925026423895,42.95346714064796,-1.1159267974683178,0.2674241203197315,1.245292617307896,0.9478271338720807,1.0
100030037|F|0-16:T>A-16:T>A,,,0.4473684210526316,44.165956623734395,39.60305975512253,1.1152157660752884,0.26772698747036505,1.2437062049028924,0.9478271338720807,1.0
100035377|F|0-67:C>G-67:C>G,,,0.22631578947368422,45.51838772204522,40.90785920084966,1.112705201671854,0.26879829106542386,1.238112865827601,0.9478271338720807,1.0
100052903|F|0-58:C>A-58:C>A,,,0.07894736842105263,-68.13823060209243,61.23754863267123,-1.1126871033132697,0.26880602481435856,1.238072589879675,0.9478271338720807,1.0
100040378|F|0-57:G>A-57:G>A,,,0.3368421052631579,-43.3308858581384,39.04499790506868,-1.1097679135107172,0.2700554799066547,1.2315848218579308,0.9478271338720807,1.0
100058582|F|0-53:G>A-53:G>A,,,0.28421052631578947,-43.426082425574656,39.23111558543206,-1.1069295832540724,0.27127420347281106,1.2252931022830345,0.9478271338720807,1.0
100034540|F|0-15:G>A-15:G>A,,,0.22105263157894736,47.82444843254609,43.209246429469076,1.1068105182211512,0.2713254112600295,1.2250295232449733,0.9478271338720807,1.0
100021232|F|0-6:T>G-6:T>G,,,0.08064516129032258,-72.51382179790207,65.56348400160425,-1.1060092809608433,0.2716701844767518,1.2232565295715216,0.9478271338720807,1.0
100038655|F|0-21:A>T-21:A>T,,,0.24210526315789474,46.49166357307012,42.068803642074684,1.10513396027673,0.2720471843783632,1.2213210701569293,0.9478271338720807,1.0
100040329|F|0-26:A>G-26:A>G,,,0.4450549450549451,44.71959618779085,40.534146082542584,1.1032573893804283,0.2728566486360729,1.2171768672225178,0.9478271338720807,1.0
100015245|F|0-49:A>G-49:A>G,Vu03 (old3),7443089.0,0.06315789473684211,75.17104631906484,68.23083874719076,1.1017165800583073,0.27352253236548657,1.2137794227753727,0.9478271338720807,1.0
100047252|F|0-57:G>A-57:G>A,,,0.30526315789473685,-50.62361853878669,46.030058912916715,-1.0997947805055046,0.2743546485413597,1.209548559227151,0.9478271338720807,1.0
100040575|F|0-64:T>C-64:T>C,,,0.3368421052631579,-48.57779612079798,44.19335198676674,-1.0992104906490032,0.2746079872244221,1.2082637027528225,0.9478271338720807,1.0
100035744|F|0-61:C>T-61:C>T,,,0.16842105263157894,-49.884418747817776,45.39730651032095,-1.0988409353422035,0.274768304295076,1.2074514011837287,0.9478271338720807,1.0
100022089|F|0-61:C>T-61:C>T,,,0.05813953488372093,-66.86332519370698,60.85454624931697,-1.0987400172169957,0.27481209495702247,1.2072296254340038,0.9478271338720807,1.0
100040723|F|0-6:G>A-6:G>A,,,0.3526315789473684,42.046329208176545,38.281696294381256,1.0983402847367514,0.2749855955427351,1.2063513810756081,0.9478271338720807,1.0
100017031|F|0-21:G>T-21:G>T,,,0.22105263157894736,50.595171970643804,46.069204760179986,1.0982427900378227,0.2750279238438395,1.2061372258700611,0.9478271338720807,1.0
100038927|F|0-38:C>G-38:C>G,,,0.28421052631578947,50.31163826867181,45.83310518659083,1.0977139354588448,0.2752576101617587,1.204975884100545,0.9478271338720807,1.0
100033099|F|0-24:G>C-24:G>C,,,0.19999999999999996,54.28825183300594,49.46064936392697,1.0976049148396316,0.2753049753447919,1.204736549080115,0.9478271338720807,1.0
100033338|F|0-63:T>A-63:T>A,,,0.3631578947368421,47.392184136279184,43.20355134993268,1.0969511221987316,0.27558914126056755,1.2033017644930566,0.9478271338720807,1.0
100013883|F|0-67:A>T-67:A>T,,,0.07368421052631578,66.25121645969423,60.40958327547167,1.0967004383656205,0.27569815299960776,1.2027518515113442,0.9478271338720807,1.0
100014895|F|0-11:G>A-11:G>A,,,0.07894736842105263,66.28944358087129,60.78151397741058,1.0906184996561246,0.27835209796169363,1.1894487117921761,0.9478271338720807,1.0
100034980|F|0-28:T>C-28:T>C,,,0.2578947368421053,45.60820505501191,41.857100851062555,1.08961691392093,0.27879084462656156,1.1872650191025713,0.9478271338720807,1.0
100018366|F|0-11:C>A-11:C>A,Vu06 (old6),3381583.0,0.14210526315789473,-60.00670891472326,55.072425492472156,-1.08959626125284,0.2787998966002846,1.1872200125361672,0.9478271338720807,1.0
100014991|F|0-45:T>G-45:T>G,,,0.08421052631578947,70.2264642653605,64.60215620595511,1.0870606863565793,0.27991277270171033,1.1817009358220372,0.9478271338720807,1.0
100021903|F|0-59:G>A-59:G>A,,,0.12105263157894737,-47.9535205085573,44.11796235377261,-1.0869386968515942,0.27996639176592353,1.1814357307134418,0.9478271338720807,1.0
100046610|F|0-39:T>C-39:T>C,,,0.2789473684210526,-57.41745503757645,52.87033446823607,-1.0860051409750822,0.2803769603135229,1.1794071662243082,0.9478271338720807,1.0
100035374|F|0-23:A>G-23:A>G,,,0.43258426966292135,42.05377672026925,38.728926326223416,1.0858492788062284,0.280445547426164,1.1790686562840063,0.9478271338720807,1.0
100022222|F|0-28:C>A-28:C>A,,,0.3894736842105263,-42.454420141350845,39.09863367936852,-1.085828739937608,0.28045458641468873,1.1790240524744937,0.9478271338720807,1.0
100039032|F|0-21:G>A-21:G>A,,,0.08510638297872342,-67.83719112290993,62.54350770304421,-1.0846400148357533,0.2809780774495527,1.1764439617829032,0.9478271338720807,1.0
100013019|F|0-63:A>T-63:A>T,,,0.05789473684210526,75.55135425568285,69.74041055821834,1.0833224761791962,0.2815590830445306,1.173587587395025,0.9478271338720807,1.0
100034599|F|0-15:A>G-15:A>G,,,0.3736842105263158,56.9191014655636,52.54397690185793,1.0832659578066877,0.28158402493108275,1.1734651353428405,0.9478271338720807,1.0
100038902|F|0-22:A>T-22:A>T,,,0.24736842105263157,43.30335041224049,39.993037718128356,1.082772224441746,0.28180197715515726,1.1723956900225265,0.9478271338720807,1.0
100014679|F|0-16:C>A-16:C>A,Vu07 (old2),38481917.0,0.43157894736842106,-41.51627949594383,38.590197027135964,-1.075824501925976,0.28488130022357966,1.1573983589442745,0.9478271338720807,1.0
100018350|F|0-55:C>G-55:C>G,,,0.19473684210526315,43.04854863660956,40.01976403168202,1.075682220478106,0.2849446021465393,1.1570922394527088,0.9478271338720807,1.0
100014505|F|0-46:G>T-46:G>T,,,0.25263157894736843,47.55951605906432,44.270779774520996,1.0742868388877145,0.2855659289241715,1.1540922122073582,0.9478271338720807,1.0
100035862|F|0-6:T>G-6:T>G,Vu10 (old10),39567399.0,0.38421052631578945,-48.052692158767556,44.75841984252985,-1.0736011755514985,0.28587157774527033,1.1526194841455595,0.9478271338720807,1.0
100034321|F|0-18:C>G-18:C>G,,,0.3736842105263158,-47.097033208159324,43.90440063080001,-1.072717826265452,0.28626568044980166,1.1507235347876763,0.9478271338720807,1.0
100038948|F|0-13:G>A-13:G>A,,,0.17894736842105263,-47.51396969425055,44.30008963041578,-1.0725479359217405,0.28634151910419714,1.150359074849986,0.9478271338720807,1.0
100030054|F|0-16:G>A-16:G>A,,,0.3263157894736842,43.1435955649013,40.23861555142223,1.0721938360370948,0.28649963281839425,1.1495996220359406,0.9478271338720807,1.0
100041311|F|0-41:A>G-41:A>G,,,0.34042553191489355,-44.66180286408826,41.65969334822371,-1.072062688766588,0.28655820829200745,1.1493184086454462,0.9478271338720807,1.0
100033600|F|0-16:A>G-16:A>G,,,0.14210526315789473,56.79257320662163,53.17540841681682,1.0680232629611712,0.2883664008456215,1.140673690226227,0.9478271338720807,1.0
100046321|F|0-34:T>C-34:T>C,,,0.42105263157894735,-41.894052461110675,39.26341075202975,-1.066999826522838,0.2888257670435183,1.1384886297997663,0.9478271338720807,1.0
100013207|F|0-60:C>G-60:C>G,Vu07 (old2),29186793.0,0.4631578947368421,-42.86980478778123,40.21076990200047,-1.0661274303441892,0.28921773495749886,1.136627697732304,0.9478271338720807,1.0
100016127|F|0-26:G>C-26:G>C,,,0.08947368421052626,-54.699306499301535,51.36876720403201,-1.064835881344805,0.28979869708453093,1.1338754541993674,0.9478271338720807,1.0
100022149|F|0-63:C>T-63:C>T,,,0.10526315789473684,-66.96625715244124,63.12319313077516,-1.0608819647907266,0.291582204178762,1.1254705432182326,0.9478271338720807,1.0
100043431|F|0-17:C>G-17:C>G,,,0.2789473684210526,43.36413215923258,40.95382628688147,1.058854229039966,0.292499766049731,1.121172278355821,0.9478271338720807,1.0
100059434|F|0-46:A>G-46:A>G,,,0.39473684210526316,-62.22357882222859,58.77987728706891,-1.0585864022536375,0.2926211064222095,1.1206051710363,0.9478271338720807,1.0
100041762|F|0-5:T>C-5:T>C,Vu11 (old9),27828984.0,0.4157303370786517,37.34284276858507,35.3056586779986,1.0577013477971446,0.293022329524868,1.1187321411318962,0.9478271338720807,1.0
100015763|F|0-37:C>T-37:C>T,Vu01 (old4),7877137.0,0.07894736842105263,60.70350148857165,57.44794829756732,1.0566696163654323,0.29349051965481726,1.11655067814987,0.9478271338720807,1.0
100015232|F|0-9:G>T-9:G>T,Vu01 (old4),18488835.0,0.37894736842105264,-43.140730369659124,40.853811507669306,-1.0559781028401842,0.2938046075495399,1.1150897536779547,0.9478271338720807,1.0
100046287|F|0-24:C>T-24:C>T,,,0.22631578947368422,-41.26031182694642,39.134703709443016,-1.0543151708336687,0.29456085529942144,1.111580479450028,0.9478271338720807,1.0
100029094|F|0-17:C>T-17:C>T,,,0.2925531914893617,41.94383480379502,39.787916264691646,1.0541852587796001,0.2946199909181766,1.1113065598282126,0.9478271338720807,1.0
100021211|F|0-55:G>A-55:G>A,Vu06 (old6),30632173.0,0.06315789473684211,-60.982997417720206,57.97565985805938,-1.0518724162350825,0.29567414474610365,1.1064355800362307,0.9478271338720807,1.0
100020456|F|0-16:A>C-16:A>C,,,0.43157894736842106,-45.68616490038175,43.58227579590572,-1.048273961514274,0.2973193580341956,1.0988782983888297,0.9478271338720807,1.0
100041156|F|0-37:T>C-37:T>C,,,0.17894736842105263,47.89797300342801,45.79574071084235,1.0459045374079503,0.29840604968977263,1.0939163013705386,0.9478271338720807,1.0
100034157|F|0-53:C>A-53:C>A,,,0.21578947368421053,42.01444447516974,40.179892533030404,1.0456584581611614,0.2985190636799378,1.0934016111239775,0.9478271338720807,1.0
100030532|F|0-16:G>A-16:G>A,,,0.08421052631578947,60.938379318525094,58.52729741982388,1.0411958522773777,0.30057359520369153,1.0840888027996147,0.9478271338720807,1.0
100016014|F|0-65:T>C-65:T>C,,,0.08421052631578947,60.938379318525094,58.52729741982388,1.0411958522773777,0.30057359520369153,1.0840888027996147,0.9478271338720807,1.0
100044760|F|0-9:A>T-9:A>T,Vu07 (old2),52829.0,0.3263157894736842,-46.70582764159518,44.8635459749317,-1.0410641117778092,0.30063439223655897,1.0838144848317188,0.9478271338720807,1.0
100033945|F|0-15:G>T-15:G>T,,,0.3894736842105263,70.23626012693893,67.47271576200218,1.0409579536517346,0.3006833893001485,1.083593461270807,0.9478271338720807,1.0
100014023|F|0-11:A>G-11:A>G,,,0.10526315789473684,-61.94542608061786,59.58946229133506,-1.0395365841323487,0.3013399406103474,1.0806363097495517,0.9478271338720807,1.0
100033391|F|0-52:T>C-52:T>C,,,0.43157894736842106,-36.13983268391568,34.79939164281491,-1.0385190940939202,0.30181052978563727,1.0785219087976567,0.9478271338720807,1.0
100012953|F|0-27:C>A-27:C>A,,,0.45789473684210524,-37.55500223629814,36.176135004169325,-1.0381153827508078,0.3019973840375072,1.0776835479038562,0.9478271338720807,1.0
100038956|F|0-22:A>T-22:A>T,Vu08 (old5),7476338.0,0.06842105263157895,71.58856751072743,69.19399982191125,1.0346065799777324,0.3036246988964837,1.07041077533322,0.9478271338720807,1.0
100034977|F|0-7:A>C-7:A>C,,,0.3894736842105263,-41.074307769365284,39.712212608164016,-1.034299150607419,0.303767560431772,1.0697747329472285,0.9478271338720807,1.0
100028820|F|0-24:T>G-24:T>G,,,0.06315789473684211,72.09906989196304,69.84828172553225,1.0322239589983793,0.3047330835107288,1.0654863015302878,0.9478271338720807,1.0
100021948|F|0-23:C>G-23:C>G,,,0.49473684210526314,41.361798815537334,40.14882525263312,1.0302119316137317,0.30567119364159656,1.0613366240392963,0.9478271338720807,1.0
100033227|F|0-6:A>G-6:A>G,Vu08 (old5),23496197.0,0.43617021276595747,39.17558749470809,38.07120172449273,1.0290084294739996,0.3062332576718374,1.0588583479285472,0.9478271338720807,1.0
100030017|F|0-30:G>A-30:G>A,,,0.17894736842105263,48.179416509345465,46.84236077311187,1.0285437308061784,0.3064504692293631,1.0579022061806924,0.9478271338720807,1.0
100029219|F|0-13:A>G-13:A>G,,,0.08421052631578947,74.80184716729134,72.77477594731887,1.0278540358741861,0.3067730408737919,1.0564839190628528,0.9478271338720807,1.0
100028792|F|0-46:G>T-46:G>T,,,0.14736842105263157,47.611068843833216,46.34288304486556,1.0273652762979786,0.30700177307425464,1.0554794109428218,0.9478271338720807,1.0
100019004|F|0-13:T>A-13:T>A,,,0.05789473684210526,-75.92403184574626,73.99936323968534,-1.0260092590233092,0.30763697011727564,1.05269499960156,0.9478271338720807,1.0
100018695|F|0-40:A>G-40:A>G,Vu08 (old5),10283963.0,0.38421052631578945,-44.998719410297305,43.8679106360533,-1.0257775845224466,0.3077455814390233,1.0522196529087051,0.9478271338720807,1.0
100021940|F|0-35:G>A-35:G>A,,,0.3368421052631579,37.96014647768539,37.043701120341524,1.0247395732507039,0.3082325282580625,1.0500911929860346,0.9478271338720807,1.0
100053981|F|0-26:G>A-26:G>A,,,0.22105263157894736,62.65311607848032,61.31550714652409,1.0218151817412158,0.3096071899092958,1.0441062656368338,0.9478271338720807,1.0
100034340|F|0-9:G>A-9:G>A,Vu07 (old2),25775716.0,0.06315789473684211,-69.77760622154945,68.481440486028,-1.0189272557107776,0.31096874561949306,1.0382127524302964,0.9478271338720807,1.0
100016054|F|0-59:T>A-59:T>A,,,0.1736842105263158,47.82289458159166,46.94766326573317,1.0186427024259868,0.3111031195503293,1.0376329552057173,0.9478271338720807,1.0
100038715|F|0-41:T>A-41:T>A,,,0.4473684210526316,-43.207458508965125,42.42390180055892,-1.0184696992768327,0.3111848354557783,1.0372805283450421,0.9478271338720807,1.0
100013877|F|0-19:G>T-19:G>T,,,0.4894736842105263,39.61628362921821,38.909344261312995,1.0181688841414918,0.31132695605010613,1.0366678766339306,0.9478271338720807,1.0
100047378|F|0-35:C>T-35:C>T,,,0.15263157894736842,-53.153930144095426,52.324394314257354,-1.0158537110789267,0.31242221966501177,1.0319587623128277,0.9478271338720807,1.0
100028702|F|0-38:A>G-38:A>G,,,0.41578947368421054,-43.01759843299901,42.394728709165406,-1.0146921502460031,0.31297270281584744,1.0296001597708573,0.9478271338720807,1.0
100033723|F|0-20:T>C-20:T>C,,,0.15760869565217392,49.16070387871909,48.454503863308986,1.0145744968806678,0.3130284969140151,1.0293614097206603,0.9478271338720807,1.0
100034199|F|0-61:A>C-61:A>C,,,0.11052631578947368,-52.412104307775294,51.80289100958166,-1.011760218133018,0.3143650811614249,1.0236587389965723,0.9478271338720807,1.0
100017220|F|0-61:C>T-61:C>T,,,0.3894736842105263,-39.59549369261493,39.14756630019009,-1.0114420239815178,0.3145164407213867,1.0230149678758294,0.9478271338720807,1.0
100020795|F|0-42:T>C-42:T>C,,,0.19473684210526315,45.558862655571765,45.14572994912554,1.0091510915187722,0.3156076362635799,1.0183859255135295,0.9478271338720807,1.0
100017079|F|0-12:A>G-12:A>G,,,0.2631578947368421,-37.79864682392121,37.629815391232725,-1.0044866399405143,0.3178371691138597,1.0089934098189846,0.9478271338720807,1.0
100017269|F|0-12:A>G-12:A>G,,,0.11578947368421053,-72.67987283305344,72.41335787085107,-1.0036804668370398,0.31822356797770374,1.0073744795102182,0.9478271338720807,1.0
100012937|F|0-46:C>T-46:C>T,,,0.07894736842105263,65.62634899730269,65.42437476338787,1.0030871404525494,0.31850814917638404,1.0061838113412727,0.9478271338720807,1.0
100054653|F|0-47:T>C-47:T>C,,,0.24736842105263157,43.51419002494967,43.38978035018066,1.0028672575377187,0.318613656149487,1.005742736241225,0.9478271338720807,1.0
100014587|F|0-36:A>C-36:A>C,,,0.07894736842105263,-59.987461130067096,59.84582889754085,-1.002366618277921,0.31885396594252335,1.0047388374379154,0.9478271338720807,1.0
100032947|F|0-10:A>C-10:A>C,,,0.10869565217391304,50.43380788441899,50.33022135618323,1.0020581377439746,0.3190020984732938,1.0041205114189222,0.9478271338720807,1.0
100048091|F|0-43:A>T-43:A>T,,,0.4263157894736842,-46.980469694680835,46.91164026774625,-1.0014672142466505,0.3192859881635664,1.0029365812109465,0.9478271338720807,1.0
100033136|F|0-68:A>G-68:A>G,,,0.15263157894736842,48.12424107015243,48.088489902450306,1.0007434454226916,0.31963392796866774,1.0014874435564796,0.9478271338720807,1.0
100035442|F|0-6:A>T-6:A>T,,,0.35106382978723405,-39.97817582094541,39.961256463218184,-1.0004233940377425,0.3197878677283551,1.0008469673379963,0.9478271338720807,1.0
100017407|F|0-46:T>G-46:T>G,,,0.15,43.67380631306749,43.70187687854099,0.9993576805510774,0.3203008147829747,0.9987157736764293,0.9478271338720807,1.0
100020710|F|0-41:C>A-41:C>A,,,0.06842105263157895,-64.30494936792269,64.47206265585963,-0.9974079736082129,0.3212406585270524,0.9948226658172414,0.9478271338720807,1.0
100040047|F|0-6:G>A-6:G>A,,,0.26842105263157895,-42.46355404816339,42.73296551343088,-0.9936954652683111,0.3230353080332808,0.9874306776948053,0.9478271338720807,1.0
100020360|F|0-56:A>G-56:A>G,,,0.28421052631578947,-39.43544600323556,39.734462403922905,-0.9924746332881599,0.32362691517421904,0.9850058977204674,0.9478271338720807,1.0
100043222|F|0-20:C>A-20:C>A,,,0.47368421052631576,36.81236929924861,37.127716767556315,0.9915064136509663,0.3240966181084352,0.983084968311001,0.9478271338720807,1.0
100030012|F|0-16:C>G-16:C>G,,,0.11702127659574468,50.80450037730637,51.473512318360854,0.9870027920978719,0.3262873466677809,0.9741745116089949,0.9478271338720807,1.0
100014819|F|0-24:A>T-24:A>T,,,0.26842105263157895,-44.47139835135905,45.06008038786119,-0.9869356194788164,0.326320095811825,0.974041916996035,0.9478271338720807,1.0
100020752|F|0-41:T>G-41:T>G,,,0.4473684210526316,-42.395199724271414,42.97001121661996,-0.9866229615475125,0.32647255673376,0.9734248682527843,0.9478271338720807,1.0
100033601|F|0-15:C>A-15:C>A,,,0.49473684210526314,-47.86490521858714,48.56676942017674,-0.9855484684287439,0.3269968689145092,0.9713057836222427,0.9478271338720807,1.0
100038797|F|0-19:T>G-19:T>G,,,0.24210526315789474,42.32291133476403,43.025317625338296,0.9836745820985966,0.3279125844985759,0.9676156834668487,0.9478271338720807,1.0
100044498|F|0-24:C>T-24:C>T,,,0.4148936170212766,37.9180768254239,38.7201437610392,0.9792855382829866,0.3300640019575114,0.9590001654901988,0.9478271338720807,1.0
100021509|F|0-38:C>A-38:C>A,,,0.05263157894736842,-64.36259998370555,65.7528202309294,-0.9788568727190518,0.33027462182347983,0.9581607772693219,0.9478271338720807,1.0
100041895|F|0-45:G>A-45:G>A,,,0.07894736842105263,61.971296584850556,63.395492217963294,0.9775347491866434,0.3309247889377649,0.9555741858673938,0.9478271338720807,1.0
100013697|F|0-16:T>C-16:T>C,,,0.4105263157894737,41.396798586834464,42.43038045471198,0.975640523209998,0.33185775902054204,0.9518744305294785,0.9478271338720807,1.0
100040746|F|0-42:G>A-42:G>A,Vu07 (old2),31266697.0,0.4368421052631579,34.32342179529375,35.22437018967974,0.9744225832985949,0.33245854749106246,0.9494993708423071,0.9478271338720807,1.0
100014109|F|0-25:C>A-25:C>A,,,0.08421052631578947,59.86552090869513,61.470000391902325,0.9738981702785452,0.3327174511169447,0.9484776460718982,0.9478271338720807,1.0
100013445|F|0-24:G>T-24:G>T,,,0.24736842105263157,46.42996131301409,47.67518779134306,0.9738810367401409,0.332725912207338,0.9484442737220518,0.9478271338720807,1.0
100038942|F|0-11:T>A-11:T>A,,,0.4,-68.23059526690581,70.12007924543924,-0.9730535960759581,0.33313469706862675,0.9468333008363539,0.9478271338720807,1.0
100013921|F|0-19:C>G-19:C>G,,,0.06842105263157895,-57.66225120984466,59.26691056282767,-0.9729248692441639,0.33319832227625873,0.9465828011937734,0.9478271338720807,1.0
100035958|F|0-25:C>T-25:C>T,,,0.4269662921348315,-33.05567224577251,33.97820292102194,-0.9728493388130699,0.33323565806017896,0.9464358360290273,0.9478271338720807,1.0
100019466|F|0-22:C>T-22:C>T,,,0.11052631578947368,-47.71178250176537,49.078132542678375,-0.9721596978099192,0.3335766845378811,0.9450944780458733,0.9478271338720807,1.0
100015734|F|0-6:T>C-6:T>C,,,0.34042553191489366,-38.959820688426305,40.10086358335587,-0.971545677749365,0.3338805091564233,0.9439010039534729,0.9478271338720807,1.0
100034728|F|0-40:G>C-40:G>C,,,0.23157894736842105,38.31006105374319,39.48158567201865,0.9703273159288092,0.33448390655846133,0.941535100037607,0.9478271338720807,1.0
100032969|F|0-67:T>C-67:T>C,,,0.06315789473684211,-64.30392411627436,66.28436858139335,-0.9701219984816312,0.3345856609720682,0.941136691937994,0.9478271338720807,1.0
100019738|F|0-47:G>A-47:G>A,,,0.28421052631578947,-41.836854609888526,43.130845332654054,-0.9699984845466069,0.33464688369986995,0.9408970600227139,0.9478271338720807,1.0
100013622|F|0-50:C>T-50:C>T,,,0.18947368421052632,-44.277570417876774,45.769046904024435,-0.9674129878807567,0.33593013382894094,0.9358878891203731,0.9478271338720807,1.0
100018919|F|0-66:C>A-66:C>A,,,0.06315789473684211,-59.41124210774242,61.43820836240073,-0.9670080507116678,0.3361314061130485,0.9351045701411795,0.9478271338720807,1.0
100044452|F|0-43:C>T-43:C>T,Vu05 (old1),1696325.0,0.07368421052631578,-64.08877390098891,66.34445482408475,-0.9660004603387445,0.33663256693719834,0.9331568893746663,0.9478271338720807,1.0
100017048|F|0-68:G>T-68:G>T,,,0.15789473684210525,-43.997934850993964,45.58429511952416,-0.9651994121139599,0.33703134517934524,0.9316099051451338,0.9478271338720807,1.0
100015224|F|0-63:G>C-63:G>C,,,0.2578947368421053,-39.471690683475515,40.92361977926923,-0.9645210002530318,0.3373693139314668,0.9303007599291089,0.9478271338720807,1.0
100033340|F|0-7:A>T-7:A>T,,,0.28421052631578947,-38.92266018688881,40.37951569008194,-0.9639209267794423,0.33766844086961373,0.929143553083339,0.9478271338720807,1.0
100044425|F|0-30:C>T-30:C>T,,,0.3031914893617021,-45.63051344356713,47.338591683686595,-0.96391784843257,0.33766997582238345,0.929137618526875,0.9478271338720807,1.0
100014414|F|0-40:G>C-40:G>C,,,0.12105263157894737,-56.47856169307759,58.624816874017746,-0.9633899891652988,0.33793324912138933,0.9281202712239146,0.9478271338720807,1.0
100034247|F|0-37:G>C-37:G>C,,,0.4789473684210526,-43.50113183420157,45.16287396770085,-0.9632055715788215,0.338025260203108,0.9277649731204842,0.9478271338720807,1.0
100013153|F|0-63:C>A-63:C>A,,,0.12105263157894737,50.70330912051812,52.670374859661976,0.9626532800576222,0.3383009117121601,0.9267013376056987,0.9478271338720807,1.0
100021392|F|0-51:G>A-51:G>A,,,0.3526315789473684,36.08603184819931,37.506173110050774,0.9621357994140197,0.33855932206722505,0.9257052965140548,0.9478271338720807,1.0
100013122|F|0-67:G>A-67:G>A,,,0.15789473684210525,-53.08855309293199,55.23497599465552,-0.9611401496412125,0.33905687438332355,0.9237903872523324,0.9478271338720807,1.0
100019628|F|0-65:T>G-65:T>G,,,0.3526315789473684,-38.185008491512804,39.89452096947456,-0.9571491915075306,0.34105604627034125,0.9161345748035196,0.9478271338720807,1.0
100020050|F|0-34:T>G-34:T>G,,,0.12105263157894737,47.57840802590519,49.7233396564605,0.9568626796716655,0.3411998619544117,0.9155861877484404,0.9478271338720807,1.0
100014256|F|0-11:C>T-11:C>T,,,0.3,-36.147862301244544,37.797393795890954,-0.9563585917178836,0.34145298659107104,0.9146217559526136,0.9478271338720807,1.0
100040647|F|0-14:T>A-14:T>A,,,0.12234042553191489,53.592371595611866,56.044054293506186,0.9562543658056089,0.3415053382277777,0.9144224121222871,0.9478271338720807,1.0
100013714|F|0-67:T>C-67:T>C,Vu09 (old8),42137897.0,0.3421052631578947,39.99782525320831,41.913149860606104,0.9543025371806285,0.3424866869748873,0.9106933324693849,0.9478271338720807,1.0
100015367|F|0-46:A>T-46:A>T,,,0.4368421052631579,34.61378209325197,36.40544968809011,0.950785730977407,0.3442595043741029,0.9039935062302422,0.9478271338720807,1.0
100018771|F|0-36:T>G-36:T>G,,,0.37894736842105264,37.35317389129598,39.335277453474994,0.9496100271690365,0.3448535009398195,0.9017592036999783,0.9478271338720807,1.0
100017158|F|0-22:G>A-22:G>A,Vu02 (old7),30259566.0,0.3,-38.41256476846098,40.51066410046971,-0.9482087154432899,0.34556234825955934,0.8990997680426139,0.9478271338720807,1.0
100013102|F|0-12:T>C-12:T>C,,,0.34210526315789475,-38.36640805031076,40.547892069342886,-0.9461998168659059,0.34658018655753475,0.8952940934370739,0.9478271338720807,1.0
100019182|F|0-32:C>T-32:C>T,,,0.09473684210526316,-56.651363208712574,59.873145431797376,-0.9461898619180649,0.3465852352075751,0.8952752547965267,0.9478271338720807,1.0
100021718|F|0-14:T>C-14:T>C,Vu02 (old7),26744915.0,0.11052631578947368,-58.95785592995071,62.3204466111899,-0.9460435400564761,0.34665944780658625,0.8949983796825892,0.9478271338720807,1.0
100041553|F|0-26:T>A-26:T>A,,,0.06842105263157895,-61.689288619206344,65.24441752456934,-0.9455106039681598,0.3469298332087074,0.8939903022162343,0.9478271338720807,1.0
100043366|F|0-29:G>T-29:G>T,,,0.12105263157894737,-53.8134893609258,56.98115035941898,-0.9444086162088238,0.34748936001271596,0.8919076343694654,0.9478271338720807,1.0
100038915|F|0-9:A>C-9:A>C,,,0.12105263157894737,-53.8134893609258,56.98115035941898,-0.9444086162088238,0.34748936001271596,0.8919076343694654,0.9478271338720807,1.0
100019858|F|0-55:G>C-55:G>C,Vu07 (old2),32970913.0,0.05789473684210526,65.6545619082423,69.53348833563186,0.9442149887739512,0.3475877332803579,0.8915419450253927,0.9478271338720807,1.0
100018485|F|0-30:G>A-30:G>A,,,0.22105263157894736,-44.827821282938366,47.49838161669551,-0.9437757615552431,0.34781095135279805,0.8907126880991791,0.9478271338720807,1.0
100029850|F|0-32:T>C-32:T>C,,,0.45263157894736844,-33.6406991530399,35.668009299854866,-0.9431616682116538,0.3481231928446739,0.8895539323837898,0.9478271338720807,1.0
100048542|F|0-39:C>A-39:C>A,Vu06 (old6),4481310.0,0.09473684210526316,-58.97375491774522,62.802682771415746,-0.9390324157392008,0.3502274527742977,0.8817818778089993,0.9478271338720807,1.0
100017737|F|0-19:T>C-19:T>C,,,0.22105263157894736,55.79734552842253,59.54383087388343,0.9370802098139079,0.35122514359145796,0.8781193196248778,0.9478271338720807,1.0
100036115|F|0-39:C>T-39:C>T,,,0.08602150537634408,-53.21626218620872,56.92801939094795,-0.9347991157175332,0.3523932328693299,0.873849386746282,0.9478271338720807,1.0
100030713|F|0-35:T>A-35:T>A,,,0.07894736842105263,57.607095078837574,61.75686952066915,0.9328046503321755,0.35341659302598677,0.8701245156813322,0.9478271338720807,1.0
100017806|F|0-40:A>G-40:A>G,Vu10 (old10),40484034.0,0.4105263157894737,35.95725473459525,38.57708446126652,0.932088446722776,0.3537845428034332,0.8687888725140773,0.9478271338720807,1.0
100038511|F|0-6:G>A-6:G>A,,,0.05789473684210526,-63.87260985014617,68.54976140872455,-0.9317699804862762,0.35394823394506186,0.8681952965353956,0.9478271338720807,1.0
100017341|F|0-38:C>A-38:C>A,,,0.49473684210526314,36.82337829088951,39.57494374844096,0.9304720311153987,0.35461588105350433,0.8657782006880155,0.9478271338720807,1.0
100035750|F|0-64:T>C-64:T>C,,,0.3631578947368421,43.110389518587816,46.33284162863603,0.9304499357955075,0.35462725357366076,0.865737083021864,0.9478271338720807,1.0
100029779|F|0-28:G>A-28:G>A,,,0.17894736842105263,-51.4577938005159,55.30660487592522,-0.9304095580619397,0.35464803670588435,0.8656619457330139,0.9478271338720807,1.0
100056034|F|0-41:G>T-41:G>T,,,0.46842105263157896,-42.676141757251905,45.873348703702135,-0.9303036068480389,0.35470257538385497,0.8654648009144705,0.9478271338720807,1.0
100033672|F|0-41:T>A-41:T>A,Vu02 (old7),6408415.0,0.12105263157894737,51.96940108799149,55.96602125564478,0.9285884528150161,0.35558620460082907,0.8622765147013854,0.9478271338720807,1.0
100015331|F|0-40:A>G-40:A>G,,,0.43157894736842106,-36.474811893411996,39.3081629212083,-0.927919525685399,0.3559312111525011,0.8610346461482159,0.9478271338720807,1.0
100019402|F|0-35:A>C-35:A>C,,,0.2894736842105263,38.63071809354225,41.65951029632129,0.9272965000972061,0.35625273644350486,0.8598787990925277,0.9478271338720807,1.0
100015162|F|0-62:C>T-62:C>T,,,0.12105263157894737,49.212888564874376,53.1475793423412,0.9259666982738353,0.35693963077278984,0.8574143263121479,0.9478271338720807,1.0
100015285|F|0-54:T>C-54:T>C,,,0.1631578947368421,43.011881089436805,46.511501923522,0.9247579482632156,0.35756473256681875,0.855177262875992,0.9478271338720807,1.0
100017888|F|0-29:G>T-29:G>T,Vu09 (old8),42671828.0,0.0625,-53.06793900674057,57.491256981574054,-0.9230610321104797,0.35844346968597973,0.8520416690008641,0.9478271338720807,1.0
100014400|F|0-16:A>T-16:A>T,,,0.1736842105263158,43.6393894917996,47.37843571795439,0.9210812647252967,0.3594704233548924,0.8483906962279522,0.9478271338720807,1.0
100040615|F|0-67:A>T-67:A>T,Vu08 (old5),12096567.0,0.45789473684210524,39.464076607806206,42.938719436532914,0.9190790299682196,0.3605109409934185,0.8447062633273235,0.9478271338720807,1.0
100040977|F|0-30:G>T-30:G>T,,,0.3105263157894737,-44.5466313404892,48.649344867841585,-0.9156676510547549,0.3622881817166287,0.8384472471881323,0.9478271338720807,1.0
100040444|F|0-34:C>A-34:C>A,Vu02 (old7),25326701.0,0.11052631578947368,-48.78952121227583,53.34263937112914,-0.9146439281495768,0.36282260174780984,0.8365735153008883,0.9478271338720807,1.0
100017248|F|0-68:G>T-68:G>T,,,0.05789473684210526,71.94888794704715,78.7151319504025,0.9140413814256365,0.36313738720045025,0.835471646958486,0.9478271338720807,1.0
100041652|F|0-42:T>C-42:T>C,,,0.3526315789473684,-52.04658065072522,56.95711966292422,-0.9137853346296323,0.363271205038871,0.8350036377841891,0.9478271338720807,1.0
100029970|F|0-30:G>A-30:G>A,,,0.21578947368421053,56.92057231329664,62.308969608826466,0.9135213223817052,0.36340921871375903,0.8345212064460195,0.9478271338720807,1.0
100016689|F|0-47:G>T-47:G>T,,,0.18421052631578946,-40.917389698328506,44.79158549615042,-0.9135061696319082,0.36341714089875415,0.8344935219555607,0.9478271338720807,1.0
100015585|F|0-38:T>C-38:T>C,,,0.38421052631578945,36.95431045416247,40.4851245134399,0.9127873730978572,0.36379306946485845,0.8331807884868867,0.9478271338720807,1.0
100013453|F|0-6:G>A-6:G>A,,,0.06451612903225801,-57.12638497226175,62.601277042044686,-0.9125434443437016,0.3639206996939166,0.8327355378146665,0.9478271338720807,1.0
100014483|F|0-57:T>A-57:T>A,,,0.24736842105263157,36.38022913706697,39.87532075529072,0.9123495046053011,0.3640221946088402,0.8323816185535383,0.9478271338720807,1.0
100013792|F|0-5:A>G-5:A>G,Vu03 (old3),47359227.0,0.3526315789473684,-34.84089824885623,38.43439513353908,-0.9065030977540466,0.3670902520177969,0.8217478662376826,0.9478271338720807,1.0
100017924|F|0-5:G>C-5:G>C,Vu04 (old11),2232752.0,0.4473684210526316,-37.781142619064774,41.75140543810876,-0.9049070857044703,0.3679306408366009,0.8188568337581575,0.9478271338720807,1.0
100028749|F|0-23:C>A-23:C>A,,,0.23684210526315788,-39.27262848742409,43.42073062947296,-0.9044672422155596,0.36816245674665393,0.8180609922410198,0.9478271338720807,1.0
100013433|F|0-44:A>G-44:A>G,,,0.06842105263157895,56.680075847859904,62.687922639438916,0.9041626115745732,0.36832306400605935,0.8175100281693526,0.9478271338720807,1.0
100018174|F|0-53:C>T-53:C>T,,,0.3263157894736842,-39.80301329407452,44.02403859165483,-0.9041199891556417,0.368345538918116,0.8174329547907977,0.9478271338720807,1.0
100046200|F|0-31:A>C-31:A>C,,,0.3368421052631579,39.07324457766977,43.24017300155,0.9036329382000655,0.3686024237682859,0.8165524870000834,0.9478271338720807,1.0
100020245|F|0-28:G>T-28:G>T,,,0.2736842105263158,38.78402947617546,42.924432145148494,0.90354205141323,0.3686503726506043,0.8163882386720279,0.9478271338720807,1.0
100035981|F|0-12:G>A-12:G>A,,,0.29473684210526313,-35.37649267173031,39.16253253124126,-0.9033249482399868,0.3687649251205644,0.8159959621127748,0.9478271338720807,1.0
100035421|F|0-6:T>A-6:T>A,,,0.13157894736842105,-49.641825158875754,55.14662663298124,-0.9001788176320968,0.3704274782335713,0.8103219037135199,0.950091632952017,1.0
100051260|F|0-23:G>A-23:G>A,,,0.05263157894736842,59.08870896171761,65.69799174037567,0.8993990135227188,0.3708402916802027,0.8089185855256397,0.950091632952017,1.0
100018789|F|0-23:A>C-23:A>C,,,0.13157894736842105,48.75290653940951,54.38078309608102,0.8965098287251938,0.3723723005065466,0.8037298730008763,0.9514061067061136,1.0
100035100|F|0-8:T>C-8:T>C,,,0.24210526315789474,-39.412239599442856,44.04543123529808,-0.8948088029583832,0.37327614283495103,0.8006827938518146,0.9514061067061136,1.0
100045179|F|0-31:C>T-31:C>T,,,0.1368421052631579,-53.943267982689264,60.361453828659464,-0.8936707875826069,0.37388159920928044,0.7986474765785169,0.9514061067061136,1.0
100033389|F|0-27:G>C-27:G>C,,,0.15789473684210525,42.24233376196377,47.33696670583855,0.8923751710680184,0.37457165545756677,0.7963334459386752,0.9514061067061136,1.0
100017582|F|0-57:G>A-57:G>A,,,0.0967741935483871,47.70728705398529,53.66860733850691,0.8889235145059483,0.37641394118473337,0.7901850146416068,0.9514061067061136,1.0
100018867|F|0-57:G>A-57:G>A,,,0.24210526315789474,-47.75620259581423,53.77088361042369,-0.8881424181498202,0.3768316307153901,0.7887969549170101,0.9514061067061136,1.0
100013537|F|0-44:C>G-44:C>G,,,0.23684210526315788,-35.887607028541844,40.562220533081344,-0.8847544970885648,0.3786466763076763,0.7827905201184392,0.9514061067061136,1.0
100054129|F|0-61:T>A-61:T>A,,,0.08421052631578947,52.91215179909979,59.8871076196971,0.8835315964015062,0.37930317516377027,0.7806280818397942,0.9514061067061136,1.0
100039167|F|0-27:C>T-27:C>T,,,0.4263157894736842,37.19283466090444,42.138762920649654,0.8826275875953274,0.3797889382754236,0.7790314583843474,0.9514061067061136,1.0
100021950|F|0-63:C>T-63:C>T,,,0.09473684210526316,49.8777446669937,56.58619232755827,0.8814472685892762,0.3804237598722831,0.7769492873034957,0.9514061067061136,1.0
100029761|F|0-20:T>G-20:T>G,Vu02 (old7),30481386.0,0.28421052631578947,-37.90888260425865,43.01876601279801,-0.8812173411245878,0.38054750092596756,0.7765440022986881,0.9514061067061136,1.0
100034297|F|0-63:T>C-63:T>C,,,0.06315789473684211,-55.881651812550196,63.41667849239857,-0.8811822558516439,0.38056638512885366,0.776482168027792,0.9514061067061136,1.0
100020012|F|0-39:A>C-39:A>C,,,0.08947368421052632,53.230699276151455,60.44799741077376,0.8806031887942088,0.38087814516513435,0.775461976114529,0.9514061067061136,1.0
100047334|F|0-54:C>T-54:C>T,,,0.12631578947368421,-50.100041160636806,56.90204366079685,-0.880461191504685,0.3809546184737345,0.7752119097458496,0.9514061067061136,1.0
100034437|F|0-39:T>A-39:T>A,,,0.19473684210526315,39.94264618021203,45.372570133840725,0.8803258458224558,0.38102751845014465,0.7749735948230222,0.9514061067061136,1.0
100046316|F|0-13:C>A-13:C>A,,,0.11363636363636363,44.027808438779694,50.08762580098022,0.8790156797154092,0.38173365103856916,0.7726685651855428,0.9514061067061136,1.0
100017718|F|0-15:A>G-15:A>G,,,0.18421052631578946,-47.73948117292834,54.40203057015227,-0.8775312368417487,0.3825346982536299,0.7700610716330093,0.9514061067061136,1.0
100016409|F|0-6:A>T-6:A>T,,,0.2631578947368421,-39.8298656017089,45.43977412651749,-0.8765418923696896,0.38306915776503125,0.7683256890790365,0.9514061067061136,1.0
100016452|F|0-6:G>A-6:G>A,,,0.4421052631578947,-33.1487020745815,37.822528050483065,-0.8764274569467371,0.38313100758523805,0.7681250872901246,0.9514061067061136,1.0
100033415|F|0-29:T>C-29:T>C,,,0.15789473684210525,-42.730391474408876,48.92551640208939,-0.8733764018601968,0.38478232839177656,0.762786339326264,0.9514061067061136,1.0
100050114|F|0-27:G>A-27:G>A,,,0.21505376344086022,38.87114293726593,44.562130445122946,0.8722909463481484,0.3853708744348523,0.7608914950809483,0.9514061067061136,1.0
100017662|F|0-28:T>C-28:T>C,,,0.08947368421052632,49.992405362588684,57.49610682448594,0.8694920077840532,0.38689106874129575,0.7560163516003441,0.9514061067061136,1.0
100044425|F|0-18:G>C-18:G>C,,,0.16489361702127658,-45.10672559898774,51.896479032641174,-0.8691673585527275,0.3870676367026651,0.7554518971735256,0.9514061067061136,1.0
100013713|F|0-9:G>T-9:G>T,,,0.3526315789473684,33.63975409270146,38.828978107829705,0.8663569254715499,0.3885982434537227,0.7505743223125166,0.9514061067061136,1.0
100041505|F|0-68:C>A-68:C>A,,,0.06842105263157895,60.96253150568976,70.50391668934265,0.8646687215166422,0.38951946528472114,0.7476519979692245,0.9514061067061136,1.0
100041505|F|0-33:C>T-33:C>T,,,0.06842105263157895,60.96253150568976,70.50391668934265,0.8646687215166422,0.38951946528472114,0.7476519979692245,0.9514061067061136,1.0
100014420|F|0-6:A>T-6:A>T,,,0.19473684210526315,-43.476465647379236,50.44486406461878,-0.8618610923737812,0.39105452489626447,0.7428045425477273,0.9514061067061136,1.0
100035644|F|0-26:C>G-26:C>G,,,0.2578947368421053,-35.68730785074661,41.4446366581449,-0.861083863398599,0.3914801308727006,0.7414654198054571,0.9514061067061136,1.0
100034350|F|0-65:C>A-65:C>A,,,0.2578947368421053,-35.68730785074661,41.4446366581449,-0.861083863398599,0.3914801308727006,0.7414654198054571,0.9514061067061136,1.0
100013352|F|0-68:T>C-68:T>C,,,0.38421052631578945,-32.9865753061839,38.312049277310145,-0.8609974127831321,0.3915274883774689,0.7413165448192472,0.9514061067061136,1.0
100029934|F|0-27:G>C-27:G>C,,,0.28421052631578947,-33.93612016683429,39.47779295801915,-0.8596255672884779,0.39227945617020205,0.7389561159360375,0.9514061067061136,1.0
100014432|F|0-25:C>A-25:C>A,,,0.3368421052631579,-36.720518515927196,42.76936134753929,-0.8585706533595431,0.3928583053267783,0.7371435668102326,0.9514061067061136,1.0
100035266|F|0-39:C>T-39:C>T,,,0.06315789473684211,58.826353958724255,68.80502142297013,0.8549718137154078,0.3948370070338245,0.7309768022478139,0.9514061067061136,1.0
100028451|F|0-5:C>A-5:C>A,,,0.22631578947368422,-44.17477116168321,51.750203395060744,-0.8536154114111064,0.39558436675599146,0.7286592705985525,0.9514061067061136,1.0
100043997|F|0-34:A>G-34:A>G,,,0.19473684210526315,39.06171156272666,45.766994346454446,0.8534908643340429,0.395653034083541,0.7284466555016715,0.9514061067061136,1.0
100014242|F|0-53:A>G-53:A>G,,,0.4421052631578947,-37.787546251537606,44.424364680453024,-0.8506040890701662,0.397246669104868,0.7235273163428871,0.9514061067061136,1.0
100028302|F|0-21:C>T-21:C>T,,,0.42307692307692313,30.419166782260444,35.84379547100027,0.848659199801297,0.3983225549487718,0.7202224374073778,0.9514061067061136,1.0
100033749|F|0-66:A>C-66:A>C,,,0.22631578947368422,51.538743309555585,60.730304338883464,0.8486495147786893,0.39832791703113013,0.7202059989341049,0.9514061067061136,1.0
100034369|F|0-66:G>A-66:G>A,,,0.22631578947368422,51.538743309555585,60.730304338883464,0.8486495147786893,0.39832791703113013,0.7202059989341049,0.9514061067061136,1.0
100016920|F|0-66:T>A-66:T>A,,,0.28421052631578947,-33.29998137848208,39.261854499012976,-0.8481510056871925,0.39860397472127246,0.719360128448196,0.9514061067061136,1.0
100051794|F|0-60:T>C-60:T>C,Vu09 (old8),3361921.0,0.42105263157894735,-33.205551026559526,39.19721194567327,-0.8471406352212476,0.39916384333296845,0.7176472558430589,0.9514061067061136,1.0
100045098|F|0-63:G>T-63:G>T,,,0.06842105263157895,-51.96803142220016,61.46355637726132,-0.8455096724833504,0.40006861046850106,0.7148866062629025,0.9514061067061136,1.0
100045385|F|0-50:G>A-50:G>A,,,0.23684210526315788,-35.85535006101795,42.53586812725005,-0.8429438880559179,0.4014944992701406,0.7105543984108279,0.9514061067061136,1.0
100013964|F|0-14:T>G-14:T>G,,,0.18947368421052632,36.490937504491605,43.40752790418582,0.8406591959127153,0.40276678290028406,0.7067078836726131,0.9514061067061136,1.0
100014062|F|0-62:G>A-62:G>A,,,0.13157894736842105,46.45627096214345,55.30713237646131,0.839968896704455,0.4031516747683292,0.7055477474308993,0.9514061067061136,1.0
100017545|F|0-17:T>C-17:T>C,,,0.05263157894736842,-63.424829378604336,75.66408274073827,-0.8382422290894409,0.40411539779344263,0.7026500346288347,0.9514061067061136,1.0
100043228|F|0-41:G>A-41:G>A,,,0.30526315789473685,-40.45208867165376,48.277795653637874,-0.8379025621192706,0.40430514453579164,0.7020807036060381,0.9514061067061136,1.0
100014472|F|0-31:C>A-31:C>A,,,0.49473684210526314,-30.46783384407098,36.48224535769916,-0.8351414104406567,0.405849605286288,0.6974611754328094,0.9514061067061136,1.0
100034723|F|0-16:A>C-16:A>C,,,0.2789473684210526,32.900475607644616,39.42187689100631,0.8345740538586713,0.40616740153915476,0.6965138513740965,0.9514061067061136,1.0
100019240|F|0-12:A>C-12:A>C,Vu07 (old2),30408014.0,0.05913978494623662,47.51992827872834,57.27079431310035,0.8297410372717396,0.4088806624827314,0.6884701889327824,0.9514061067061136,1.0
100014678|F|0-12:C>T-12:C>T,,,0.30526315789473685,-37.89471743171893,45.69059271759843,-0.829376796793516,0.4090855910439729,0.687865871059473,0.9514061067061136,1.0
100059437|F|0-44:G>C-44:G>C,,,0.3157894736842105,-47.62618071510754,57.48484107999209,-0.8284998239594001,0.40957924735605217,0.6864119583007571,0.9514061067061136,1.0
100059436|F|0-49:A>C-49:A>C,,,0.3157894736842105,-47.62618071510754,57.48484107999209,-0.8284998239594001,0.40957924735605217,0.6864119583007571,0.9514061067061136,1.0
100019630|F|0-24:A>T-24:A>T,,,0.30526315789473685,-37.36128172890357,45.132650682166414,-0.8278104911676814,0.4099675320513542,0.6852702092872779,0.9514061067061136,1.0
100029189|F|0-11:C>A-11:C>A,,,0.3473684210526316,-35.450944909931096,42.9090970695626,-0.8261871568273592,0.41088279597161825,0.6825852181064754,0.9514061067061136,1.0
100017906|F|0-31:G>A-31:G>A,,,0.28421052631578947,-35.489547440009964,43.03673605763369,-0.8246338056976086,0.41175975625141636,0.6800209134993213,0.9514061067061136,1.0
100034887|F|0-39:C>G-39:C>G,,,0.12105263157894737,41.3024957067984,50.14064907182103,0.823732769147784,0.4122689626344762,0.6785356749678765,0.9514061067061136,1.0
100021971|F|0-12:T>C-12:T>C,,,0.11702127659574468,-37.15324183122111,45.15232509358347,-0.8228422734425452,0.41277258481722945,0.6770694069640963,0.9514061067061136,1.0
100016083|F|0-25:C>A-25:C>A,,,0.23404255319148937,34.2038733045627,41.57506502567002,0.8227016189498184,0.41285216621744913,0.6768379538226522,0.9514061067061136,1.0
100029380|F|0-39:A>C-39:A>C,,,0.34210526315789475,-34.527422055922685,42.00938390539743,-0.8218978439121205,0.4133071142235345,0.6755160658273924,0.9514061067061136,1.0
100060051|F|0-42:G>A-42:G>A,,,0.2789473684210526,-34.844504566552,42.41401420909795,-0.8215328168366985,0.41351382432811007,0.6749161691396405,0.9514061067061136,1.0
100019105|F|0-61:T>C-61:T>C,,,0.13157894736842105,40.79668825106228,49.738598197404585,0.8202219147621875,0.414256684084292,0.6727639894561492,0.9514061067061136,1.0
100053824|F|0-47:A>G-47:A>G,,,0.24736842105263157,37.853298348152784,46.23787758591598,0.8186642710365856,0.4151404096643945,0.670211188671864,0.9514061067061136,1.0
100038456|F|0-36:A>C-36:A>C,,,0.43157894736842106,35.95179891594775,43.92767078896848,0.8184317144576738,0.41527244721812623,0.6698304712301273,0.9514061067061136,1.0
100033656|F|0-39:G>A-39:G>A,,,0.08947368421052632,44.61409863217767,54.826926183342756,0.8137260601294133,0.4179495704537432,0.6621501009337375,0.9514061067061136,1.0
100018327|F|0-50:C>T-50:C>T,,,0.11052631578947368,-45.366348851586984,55.821615981207245,-0.8127021773583175,0.4185334402421553,0.6604848290829501,0.9514061067061136,1.0
100032815|F|0-7:G>A-7:G>A,,,0.4787234042553191,31.24485683736041,38.49089991513862,0.8117465922139089,0.4190788034092541,0.658932529970894,0.9514061067061136,1.0
100019357|F|0-62:A>C-62:A>C,Vu11 (old9),27999283.0,0.3526315789473684,-34.577385195490436,42.71615994812342,-0.809468483063152,0.42038065905246164,0.6552392250725604,0.9514061067061136,1.0
100033325|F|0-21:T>C-21:T>C,,,0.11052631578947368,-45.62026791138566,56.46487790971254,-0.8079406101671301,0.421255133723093,0.6527680295572346,0.9514061067061136,1.0
100034571|F|0-32:T>A-32:T>A,,,0.07894736842105263,-53.197340177420074,65.8690871029723,-0.80762224766008,0.4214374843266877,0.6522536949155195,0.9514061067061136,1.0
100019025|F|0-58:C>A-58:C>A,,,0.10526315789473684,-43.95065312948436,54.51346862458233,-0.8062347569948104,0.42223275608169025,0.6500144833864809,0.9514061067061136,1.0
100017321|F|0-51:A>T-51:A>T,,,0.38421052631578945,52.491924295803976,65.1359198575902,0.8058829047101753,0.4224345702518741,0.6494472561041095,0.9514061067061136,1.0
100035956|F|0-57:T>G-57:T>G,,,0.30526315789473685,34.03922838233319,42.271370219337406,0.8052549090722791,0.42279491651606177,0.6484354685850046,0.9514061067061136,1.0
100035052|F|0-18:T>C-18:T>C,,,0.21978021978021978,36.02560741013183,44.917427315859925,0.8020407570718443,0.4246420728459374,0.6432693760043772,0.9514061067061136,1.0
100013022|F|0-48:G>C-48:G>C,,,0.3526315789473684,32.76714662465648,40.96622416759658,0.7998576215030968,0.4258994396073933,0.6397722146765913,0.9514061067061136,1.0
100017927|F|0-49:C>T-49:C>T,,,0.13157894736842105,-51.91449396801922,64.95914600569297,-0.7991868298802677,0.42628622210974926,0.6386995890540719,0.9514061067061136,1.0
100015011|F|0-55:G>C-55:G>C,,,0.35789473684210527,35.100856044688136,43.923726333708416,0.799132017579999,0.42631783641684634,0.6386119815214798,0.9514061067061136,1.0
100014566|F|0-58:T>A-58:T>A,,,0.06842105263157895,51.28874351038294,64.20287770467047,0.7988542779391946,0.4264780507778988,0.638168157381752,0.9514061067061136,1.0
100028488|F|0-19:T>C-19:T>C,,,0.08421052631578947,-48.93018484008646,61.463648675862245,-0.7960833093090051,0.42807844027655095,0.6337486353603771,0.9514061067061136,1.0
100013227|F|0-14:G>A-14:G>A,,,0.1,44.8208703503665,56.33339275027507,0.7956359125937368,0.4283371697605797,0.6330365054088684,0.9514061067061136,1.0
100017630|F|0-52:A>T-52:A>T,,,0.15263157894736842,36.34392198783349,45.74398297542038,0.7945071597145831,0.42899033844070456,0.631241626837734,0.9514061067061136,1.0
100014327|F|0-12:T>C-12:T>C,,,0.32105263157894737,33.301469229575964,41.9487369051226,0.7938610715477664,0.42936447122813215,0.6302154009189679,0.9514061067061136,1.0
100021866|F|0-51:G>C-51:G>C,,,0.23684210526315788,-31.019138196160462,39.09143975608654,-0.7935020656621066,0.42957244546454043,0.6296455282100301,0.9514061067061136,1.0
100022176|F|0-8:G>A-8:G>A,,,0.05789473684210526,58.29423387929049,73.72350351057814,0.7907143733467061,0.43118939609713736,0.6252292202170742,0.9514061067061136,1.0
100019282|F|0-52:T>A-52:T>A,Vu04 (old11),1200237.0,0.3263157894736842,-33.07288658343966,41.835872003346424,-0.790538956156912,0.4312912635418604,0.6249518412016601,0.9514061067061136,1.0
100017712|F|0-29:G>A-29:G>A,Vu04 (old11),3133419.0,0.3526315789473684,29.269893255251702,37.0398984157737,0.7902260672180168,0.4314729981507183,0.6244572373108536,0.9514061067061136,1.0
100022068|F|0-50:T>C-50:T>C,,,0.10526315789473684,-46.240592141987584,58.51980860076473,-0.7901699142157365,0.4315056181543779,0.6243684933317043,0.9514061067061136,1.0
100034068|F|0-21:G>A-21:G>A,,,0.07894736842105263,47.771148847596876,60.45878307386441,0.7901440687159276,0.431520632627172,0.6243276493269605,0.9514061067061136,1.0
100021838|F|0-57:A>G-57:A>G,Vu07 (old2),38535679.0,0.3,-33.94181283191513,43.05826490045572,-0.7882763718041945,0.43260645198216546,0.6213796383447847,0.9514061067061136,1.0
100038675|F|0-24:G>A-24:G>A,,,0.3894736842105263,33.70209146794147,42.78636622355829,0.787682957039362,0.43295178074181556,0.6204444408102734,0.9514061067061136,1.0
100034798|F|0-34:C>G-34:C>G,,,0.0797872340425532,-59.85857856870178,76.07479679628534,-0.7868384943438274,0.4334434825637566,0.6191148161812612,0.9514061067061136,1.0
100045226|F|0-27:G>T-27:G>T,,,0.21578947368421053,31.969652457218306,40.785350331129294,0.7838513632385686,0.43518542000227367,0.6144229596509625,0.9514061067061136,1.0
100015288|F|0-54:A>G-54:A>G,,,0.30526315789473685,34.88057308832558,44.60585681469829,0.7819729421010004,0.43628291678762854,0.6114816821780946,0.9514061067061136,1.0
100014225|F|0-25:G>A-25:G>A,,,0.12631578947368421,-45.43992174603286,58.11863532493147,-0.7818477067120715,0.436356145139191,0.6112858364909254,0.9514061067061136,1.0
100040750|F|0-21:T>G-21:T>G,Vu09 (old8),38024670.0,0.3157894736842105,-33.298309459515195,42.64978647440586,-0.7807380109510634,0.437005327339616,0.6095518417438228,0.9514061067061136,1.0
100015846|F|0-45:G>T-45:G>T,Vu07 (old2),7540868.0,0.05263157894736842,55.531170793322254,71.19245891993093,0.7800147885856467,0.43742872324195864,0.608423070412311,0.9514061067061136,1.0
100029801|F|0-44:C>T-44:C>T,,,0.38421052631578945,-31.825105680249234,40.829088609760916,-0.7794713711204634,0.43774701388876996,0.6075756183964152,0.9514061067061136,1.0
100020460|F|0-46:A>G-46:A>G,,,0.08421052631578947,49.19322014007581,63.12613483780572,0.7792845271846803,0.4378564834674434,0.6072843743094508,0.9514061067061136,1.0
100057957|F|0-57:C>A-57:C>A,,,0.37368421052631584,40.19586421225374,51.60457086992484,0.7789206175858329,0.4380697396088927,0.6067173285002952,0.9514061067061136,1.0
100015896|F|0-17:T>A-17:T>A,,,0.05789473684210526,59.797903025967145,76.8068871304903,0.7785487117108925,0.4382877444163601,0.6061380965066904,0.9514061067061136,1.0
100014172|F|0-5:G>A-5:G>A,,,0.3105263157894737,36.16314653961467,46.45548479391325,0.7784472963750642,0.4383472033396047,0.6059801932336469,0.9514061067061136,1.0
100038790|F|0-27:T>A-27:T>A,,,0.14736842105263157,44.17918511022356,56.81233086816853,0.7776337361116226,0.4388243571911531,0.6047142275389207,0.9514061067061136,1.0
100016806|F|0-26:T>A-26:T>A,,,0.14736842105263157,44.17918511022356,56.81233086816853,0.7776337361116226,0.4388243571911531,0.6047142275389207,0.9514061067061136,1.0
100043320|F|0-18:A>G-18:A>G,,,0.4139784946236559,28.247469070633464,36.3281775583369,0.7775636150553606,0.43886549745428627,0.6046051754579611,0.9514061067061136,1.0
100048771|F|0-11:G>A-11:G>A,Vu11 (old9),32286941.0,0.18421052631578946,-37.18798202318583,48.040984072211835,-0.7740886815991834,0.44090707346797164,0.599213286979962,0.9514061067061136,1.0
100046913|F|0-41:A>T-41:A>T,,,0.49473684210526314,30.69394978768687,39.67618241901155,0.7736114695596145,0.44118787432797696,0.5984747058341863,0.9514061067061136,1.0
100029259|F|0-42:A>G-42:A>G,,,0.11578947368421053,-46.38834209745456,59.97957528749045,-0.7734023102882737,0.4413109805449885,0.5981511335592391,0.9514061067061136,1.0
100035886|F|0-65:A>C-65:A>C,,,0.13157894736842105,-47.62868040455893,61.60634873052485,-0.7731131837222446,0.44148118656468216,0.5977039948451451,0.9514061067061136,1.0
100020369|F|0-25:G>C-25:G>C,,,0.49473684210526314,-29.100868956055443,37.65408180827963,-0.7728476584351753,0.4416375324059127,0.5972935031487334,0.9514061067061136,1.0
100013911|F|0-62:A>G-62:A>G,,,0.4842105263157895,29.638215533935647,38.436141084388176,0.7711027875785889,0.4426657438714596,0.5945995090114703,0.9514061067061136,1.0
100020699|F|0-40:A>G-40:A>G,,,0.3684210526315789,-30.187648072087505,39.17787336055487,-0.7705279915086224,0.44300476226248464,0.5937133856983117,0.9514061067061136,1.0
100013074|F|0-31:T>C-31:T>C,,,0.12105263157894737,-36.22424387100783,47.1502649201888,-0.7682723295897608,0.44433662324583567,0.590242372413278,0.9514061067061136,1.0
100034189|F|0-36:A>T-36:A>T,,,0.18421052631578946,35.21360084559423,45.86195090291103,0.7678173333738205,0.444605558186756,0.5895434574292846,0.9514061067061136,1.0
100039964|F|0-49:C>G-49:C>G,,,0.09473684210526316,-50.46230675641063,65.73220194518308,-0.7676953648760059,0.44467766623915694,0.5893561732521038,0.9514061067061136,1.0
100029235|F|0-18:C>T-18:C>T,,,0.08947368421052632,-48.048430469733816,62.60079069947689,-0.7675371178679908,0.4447712323379458,0.5891132273051021,0.9514061067061136,1.0
100014343|F|0-46:C>T-46:C>T,,,0.07894736842105263,-51.50046353304992,67.14310539662259,-0.7670253442826384,0.44507390489405896,0.5883278787718998,0.9514061067061136,1.0
100044894|F|0-39:G>A-39:G>A,,,0.28421052631578947,43.939271220714566,57.496806403722545,0.7642036831087332,0.4467448312200384,0.5840072692769531,0.9514061067061136,1.0
100014320|F|0-23:C>T-23:C>T,,,0.23684210526315788,30.052811959605858,39.51575697655033,0.7605272999689712,0.44892734066894685,0.5784017739980934,0.9514061067061136,1.0
100013385|F|0-10:G>T-10:G>T,,,0.22631578947368422,36.91449156123499,48.55582019311291,0.7602485431081419,0.44909307709575425,0.5779778472980523,0.9514061067061136,1.0
100016803|F|0-28:A>T-28:A>T,,,0.39473684210526316,-28.97363423973094,38.141859539921306,-0.7596282559167203,0.4494619988897013,0.5770350871870784,0.9514061067061136,1.0
100034394|F|0-57:A>G-57:A>G,,,0.13043478260869565,-41.99829135581723,55.44555719466959,-0.7574690106974856,0.4507475928727849,0.5737593021670276,0.9514061067061136,1.0
100033981|F|0-18:C>A-18:C>A,,,0.05789473684210526,-47.70500825324969,63.07107723289654,-0.7563690101105133,0.45140333578332636,0.5720940794555577,0.9514061067061136,1.0
100013978|F|0-64:G>A-64:G>A,,,0.17894736842105263,-30.403463288946384,40.20683778021479,-0.7561764358376747,0.45151819142318483,0.571802802116169,0.9514061067061136,1.0
100015801|F|0-31:A>T-31:A>T,,,0.15789473684210525,38.61405492527012,51.17631077963079,0.7545298662020651,0.45250092866701985,0.5693153189909063,0.9514061067061136,1.0
100013042|F|0-30:A>G-30:A>G,,,0.42105263157894735,-27.03699015575348,35.85916819400593,-0.753977058516178,0.4528311412373771,0.5684814047687081,0.9514061067061136,1.0
100015510|F|0-57:A>C-57:A>C,,,0.4263157894736842,27.183013972489352,36.07089914512123,0.7535995668731754,0.45305671049945667,0.5679123071914376,0.9514061067061136,1.0
100022261|F|0-18:G>A-18:G>A,,,0.05789473684210526,53.553972688065436,71.18549614730765,0.7523157888405184,0.45382431157623626,0.5659790461387315,0.9514061067061136,1.0
100016722|F|0-34:C>T-34:C>T,,,0.2554347826086956,-35.458236765776164,47.1962153011012,-0.7512940717716584,0.45443575286141225,0.5644427822792378,0.9514061067061136,1.0
100017860|F|0-21:C>T-21:C>T,,,0.23684210526315788,35.95885483585142,48.00361439380906,0.7490864029707098,0.45575853150783924,0.5611304391155967,0.9514061067061136,1.0
100013048|F|0-58:C>T-58:C>T,,,0.06842105263157895,-51.806268056414716,69.16981491153608,-0.748972194340432,0.4558270222684327,0.5609593478951219,0.9514061067061136,1.0
100017394|F|0-18:C>T-18:C>T,,,0.3684210526315789,-29.170956382051457,39.0258301984413,-0.7474781762161348,0.4567235250080156,0.558723623919399,0.9514061067061136,1.0
100020777|F|0-46:A>G-46:A>G,,,0.45789473684210524,-24.97264881519601,33.41621470879524,-0.7473212939532359,0.45681772242717794,0.5584891163959388,0.9514061067061136,1.0
100030110|F|0-28:T>C-28:T>C,,,0.07368421052631578,49.32844757576958,66.00989037190332,0.7472887365491809,0.4568372723848656,0.5584404557732712,0.9514061067061136,1.0
100036056|F|0-31:G>A-31:G>A,,,0.3421052631578947,28.119338158692333,37.63273016681723,0.7472043094945751,0.45688797107818635,0.5583142801272647,0.9514061067061136,1.0
100028772|F|0-54:C>T-54:C>T,,,0.2736842105263158,-30.91537322667351,41.42501132491062,-0.7462972788152934,0.45743284836701975,0.5569596283671118,0.9514061067061136,1.0
100034541|F|0-64:G>T-64:G>T,,,0.07368421052631578,38.92617888241129,52.1677605980885,0.7461730853717651,0.45750748351226866,0.5567742733332194,0.9514061067061136,1.0
100039121|F|0-17:A>G-17:A>G,,,0.1368421052631579,39.70730461748444,53.21609203159678,0.7461522088827649,0.45752003010485875,0.5567431188206292,0.9514061067061136,1.0
100013673|F|0-63:C>A-63:C>A,,,0.29473684210526313,33.67978250001971,45.224246156479026,0.7447284446375365,0.45837616363377787,0.5546204562522443,0.9514061067061136,1.0
100016817|F|0-58:C>T-58:C>T,,,0.4842105263157895,-24.825160114205886,33.350633790537806,-0.744368465982474,0.45859276947719435,0.5540844131491015,0.9514061067061136,1.0
100032761|F|0-35:G>T-35:G>T,,,0.07368421052631578,-47.474320881200185,63.84905238172296,-0.7435399447649421,0.4590915277025461,0.5528516494610531,0.9514061067061136,1.0
100016887|F|0-60:G>T-60:G>T,,,0.06842105263157895,55.4093902792087,74.54921592021813,0.7432591958915746,0.4592606046819482,0.5524342322773901,0.9514061067061136,1.0
100013199|F|0-52:T>C-52:T>C,,,0.1,-39.106844008326256,52.69713023781832,-0.7421057623411352,0.4599556155201405,0.5507209624999175,0.9514061067061136,1.0
100049954|F|0-52:G>A-52:G>A,,,0.07368421052631578,-60.0796084786978,81.03899003854025,-0.7413666983031914,0.46040125904254237,0.5496245813529751,0.9514061067061136,1.0
100049952|F|0-5:T>A-5:T>A,,,0.07368421052631578,-60.0796084786978,81.03899003854025,-0.7413666983031914,0.46040125904254237,0.5496245813529751,0.9514061067061136,1.0
100049953|F|0-26:C>T-26:C>T,,,0.07368421052631578,-60.0796084786978,81.03899003854025,-0.7413666983031914,0.46040125904254237,0.5496245813529751,0.9514061067061136,1.0
100034159|F|0-24:A>G-24:A>G,,,0.4263157894736842,-30.818701217157283,41.60102018135226,-0.7408159964060648,0.460733482873607,0.5488083405311106,0.9514061067061136,1.0
100013356|F|0-7:G>A-7:G>A,,,0.3368421052631579,26.18870562049391,35.37441519841277,0.74032900540131,0.4610273851259707,0.5480870362384929,0.9514061067061136,1.0
100014662|F|0-39:T>C-39:T>C,,,0.49473684210526314,-27.770098743618572,37.58728038342977,-0.7388163884254028,0.4619409384040677,0.5458496558059556,0.9514061067061136,1.0
100016549|F|0-30:A>G-30:A>G,,,0.07894736842105263,-48.44516207134302,65.87007507192007,-0.7354654145823927,0.4639684324290501,0.5409093760468507,0.9514061067061136,1.0
100021572|F|0-58:T>G-58:T>G,,,0.2736842105263158,33.4490712591388,45.612084028749436,0.7333379294411486,0.46525826953153093,0.537784518757031,0.9514061067061136,1.0
100040405|F|0-35:T>A-35:T>A,,,0.05789473684210526,-54.43776943105344,74.34398014003342,-0.7322417945409314,0.4659236169849399,0.5361780456725236,0.9514061067061136,1.0
100032809|F|0-26:G>A-26:G>A,,,0.08421052631578947,-51.84828667639013,70.93624673801929,-0.7309138707024557,0.466730378245793,0.5342350863852462,0.9514061067061136,1.0
100021768|F|0-13:C>T-13:C>T,,,0.3157894736842105,-31.365870311626132,42.937918357505396,-0.7304935011164436,0.46698593194030513,0.5336207551733596,0.9514061067061136,1.0
100049762|F|0-13:A>G-13:A>G,,,0.11052631578947368,-42.8753963831463,58.72742742440288,-0.7300744858667243,0.4672407408086056,0.5330087549135618,0.9514061067061136,1.0
100021295|F|0-53:G>T-53:G>T,,,0.22631578947368422,29.991076209306858,41.10099187241838,0.7296922736658564,0.46747323758455384,0.5324508142476471,0.9514061067061136,1.0
100035489|F|0-33:C>A-33:C>A,,,0.11170212765957448,-39.24414093970534,53.905398964999684,-0.7280187456767777,0.4684919993074304,0.5300112940567887,0.9514061067061136,1.0
100018758|F|0-12:C>T-12:C>T,,,0.2631578947368421,-30.042438772213615,41.292826806954544,-0.7275461888977255,0.46877989477455473,0.5293234569796048,0.9514061067061136,1.0
100014339|F|0-37:C>G-37:C>G,,,0.15789473684210525,-36.082496159679835,49.61523879668622,-0.7272462460079859,0.46896268041993894,0.528887102332708,0.9514061067061136,1.0
100013584|F|0-22:T>C-22:T>C,,,0.4473684210526316,-28.423831546962493,39.10122197396485,-0.7269294950906704,0.46915575241783275,0.528426490832777,0.9514061067061136,1.0
100018572|F|0-44:T>A-44:T>A,,,0.06842105263157895,49.74994895607976,68.48796316719377,0.7264042709903563,0.46947599541592816,0.527663164913031,0.9514061067061136,1.0
100015590|F|0-63:C>G-63:C>G,,,0.22105263157894736,29.70497932014085,40.897386630143636,0.7263295229296299,0.4695215812678166,0.5275545758791839,0.9514061067061136,1.0
100017553|F|0-24:C>A-24:C>A,Vu03 (old3),64354681.0,0.07368421052631578,42.83143013584226,59.0360421772474,0.7255132382900419,0.4700195625235135,0.5263694589341031,0.9514061067061136,1.0
100035283|F|0-38:G>T-38:G>T,,,0.3263157894736842,29.06572260348859,40.1237554672726,0.7244018478578452,0.4706980522419873,0.5247580371798607,0.9514061067061136,1.0
100015749|F|0-20:C>T-20:C>T,Vu09 (old8),33437303.0,0.3894736842105263,26.917357648486842,37.21568389005806,0.7232799410056696,0.47138351925892125,0.5231338730611649,0.9514061067061136,1.0
100016973|F|0-15:G>T-15:G>T,,,0.3526315789473684,29.192085003406678,40.37329216518425,0.7230543618778841,0.47152141202989784,0.5228076102306342,0.9514061067061136,1.0
100017304|F|0-37:T>A-37:T>A,,,0.46842105263157896,26.37938362666865,36.61471504647548,0.7204585258463706,0.4731098298416788,0.5190604874647254,0.9514061067061136,1.0
100028909|F|0-9:C>T-9:C>T,,,0.4368421052631579,-26.922965826352993,37.37220837811091,-0.720400720074169,0.47314523580994006,0.5189771974833812,0.9514061067061136,1.0
100015799|F|0-68:C>T-68:C>T,,,0.21052631578947367,35.72186004355143,49.586522163349606,0.7203945444263113,0.4731490184747121,0.5189682996391927,0.9514061067061136,1.0
100046329|F|0-5:T>C-5:T>C,,,0.06842105263157895,45.355097958894895,63.11865341231053,0.7185688462429861,0.47426802389956757,0.5163411867909762,0.9514061067061136,1.0
100020177|F|0-41:C>G-41:C>G,,,0.24210526315789474,-29.271943817726502,40.74029369408927,-0.7185010505207372,0.47430960564724395,0.5162437595994029,0.9514061067061136,1.0
100043216|F|0-10:A>G-10:A>G,,,0.08947368421052632,42.036404885015855,58.51251197106232,0.7184173686784322,0.4743609337769354,0.5161235156188424,0.9514061067061136,1.0
100018446|F|0-67:T>A-67:T>A,,,0.11052631578947368,46.143295903285576,64.29111061969837,0.7177243550237811,0.4747861284186453,0.5151282497943025,0.9514061067061136,1.0
100015991|F|0-42:T>C-42:T>C,,,0.30526315789473685,-29.151184856201642,40.64820994811112,-0.7171578992879184,0.47513383212658694,0.5143154525110601,0.9514061067061136,1.0
100015098|F|0-61:T>G-61:T>G,,,0.08152173913043478,-37.34590747016122,52.10684887433261,-0.7167178264843702,0.4754040570907356,0.5136844428004798,0.9514061067061136,1.0
100016995|F|0-19:T>G-19:T>G,,,0.19473684210526315,29.387213254312623,41.20505518216094,0.7131943671570506,0.47757071131197626,0.508646205344546,0.9541303207312157,1.0
100015820|F|0-37:T>C-37:T>C,,,0.4473684210526316,29.48615432701857,41.475816233815515,0.710924027650077,0.47896969854626165,0.5054129730902075,0.9541303207312157,1.0
100014153|F|0-9:C>A-9:C>A,,,0.2,32.63832594944229,45.95672092597756,0.7101970134469082,0.47941816645985885,0.504379797908908,0.9541303207312157,1.0
100017692|F|0-31:G>T-31:G>T,,,0.26842105263157895,-30.654931004271422,43.23640399086308,-0.7090074144637367,0.48015248789043025,0.5026915137645529,0.9541303207312157,1.0
100033155|F|0-6:A>T-6:A>T,,,0.1881720430107527,-32.63732485084972,46.04719783729035,-0.7087798255645228,0.4802930460840593,0.5023688411272753,0.9541303207312157,1.0
100013886|F|0-37:T>A-37:T>A,,,0.08421052631578947,45.93884202604602,64.91127974886396,0.7077173983286011,0.48094949941666315,0.5008639158970039,0.9541303207312157,1.0
100013722|F|0-6:A>G-6:A>G,,,0.11578947368421053,38.03626324729273,53.74667662250657,0.7076951662414963,0.48096324149995917,0.5008324483215791,0.9541303207312157,1.0
100038653|F|0-19:G>C-19:G>C,Vu03 (old3),39667683.0,0.12105263157894737,38.21971715771776,54.33905072493848,0.7033563643057371,0.48364929622861247,0.49471017520938476,0.9565489614715397,1.0
100017664|F|0-11:A>T-11:A>T,,,0.07368421052631578,-39.78819941133153,56.5721915271199,-0.7033172719189718,0.4836735350099035,0.49465518497954486,0.9565489614715397,1.0
100038389|F|0-45:C>T-45:C>T,,,0.21052631578947367,-31.471942077398516,44.779950879493796,-0.7028132335850897,0.4839861181549902,0.4939464413023299,0.9565489614715397,1.0
100030153|F|0-21:A>T-21:A>T,,,0.11578947368421053,-37.816290044168056,53.93358068033762,-0.701164090482029,0.4850096246899578,0.49163108178149095,0.9573825221857604,1.0
100032879|F|0-19:G>T-19:G>T,,,0.08421052631578947,41.627807051580625,59.51353358382477,0.6994679116632839,0.48606356522718863,0.48925535944659554,0.9578168408181865,1.0
100013794|F|0-60:G>A-60:G>A,,,0.4421052631578947,-30.978735462956823,44.35525448745091,-0.6984231253079926,0.4867133817444428,0.4877948619649839,0.9578168408181865,1.0
100017698|F|0-34:C>A-34:C>A,,,0.08421052631578947,37.58209054789343,53.84985377800386,0.6979051550042398,0.4870357160414286,0.48707160538149197,0.9578168408181865,1.0
100014107|F|0-10:A>C-10:A>C,,,0.07894736842105263,-37.54316162802201,54.00762710218199,-0.6951455496645067,0.48875500033305114,0.48322733521836914,0.9589068188176035,1.0
100015139|F|0-52:T>C-52:T>C,,,0.08421052631578947,-40.54191692763581,58.369469785082664,-0.6945740140678305,0.48911149264412374,0.48243306101829875,0.9589068188176035,1.0
100019246|F|0-54:A>C-54:A>C,,,0.4842105263157895,-29.140553611268615,42.06276693886077,-0.6927873683066333,0.49022682130302464,0.4799543376852308,0.9589068188176035,1.0
100034016|F|0-46:G>A-46:G>A,,,0.15789473684210525,-33.41742232690875,48.24518701993305,-0.692658157032368,0.49030753642189423,0.47977532250347654,0.9589068188176035,1.0
100035765|F|0-28:G>A-28:G>A,,,0.15789473684210525,-36.99146234312691,53.44162292576352,-0.6921844868841699,0.4906034886973785,0.47911936388310156,0.9589068188176035,1.0
100015429|F|0-30:C>A-30:C>A,,,0.07894736842105263,43.47173219847017,62.891957729850276,0.6912128953784702,0.49121085097338446,0.477775266737488,0.9589159066241162,1.0
100044397|F|0-62:C>G-62:C>G,,,0.3105263157894737,27.01296421190049,39.206344492906055,0.6889947165767566,0.4925990186743126,0.47471371947068514,0.9604473513613129,1.0
100017201|F|0-30:C>G-30:C>G,,,0.06315789473684211,49.688970875359686,72.51755497498033,0.6851992030412932,0.4949792560999669,0.46949794784842336,0.9632384379470653,1.0
100046760|F|0-25:T>G-25:T>G,,,0.37894736842105264,-25.40920880090839,37.15208649521052,-0.6839241398779591,0.49578027195963825,0.4677522291078061,0.9632384379470653,1.0
100020014|F|0-36:G>C-36:G>C,,,0.3894736842105263,25.929063097394323,37.945081434112105,0.6833313335331112,0.49615292217238816,0.46694171138814,0.9632384379470653,1.0
100014488|F|0-28:T>A-28:T>A,,,0.05789473684210526,46.596137814711575,68.25790571505667,0.6826482196689074,0.4965825298792306,0.4660085918171289,0.9632384379470653,1.0
100016503|F|0-64:G>C-64:G>C,Vu05 (old1),42344593.0,0.10526315789473684,-43.87232338456523,64.33900721108745,-0.6818930736780902,0.49705767288154656,0.4649781639301533,0.9632384379470653,1.0
100028579|F|0-16:T>A-16:T>A,,,0.07894736842105263,-43.6602564380017,64.13573765226309,-0.6807477084729704,0.4977788142842109,0.46341744259120027,0.96346240088343,1.0
100017435|F|0-33:T>G-33:T>G,,,0.3763440860215054,25.66723763409127,37.76891649079281,0.6795862846726977,0.4985106442388263,0.46183751831524084,0.9637064823620567,1.0
100014015|F|0-51:C>G-51:C>G,,,0.4368421052631579,28.069287448873478,41.416011214716775,0.6777400001982646,0.49967521112113844,0.45933150786874377,0.9647855107933633,1.0
100043121|F|0-26:C>T-26:C>T,,,0.4473684210526316,-26.942483267741544,39.851733335465056,-0.6760680405277316,0.5007310861689893,0.4570679954230066,0.9655827700495568,1.0
100015323|F|0-56:G>C-56:G>C,,,0.1631578947368421,-37.22860476455368,55.14257944319523,-0.6751335381926499,0.5013217660576288,0.4558052943925262,0.9655827700495568,1.0
100017454|F|0-9:A>G-9:A>G,,,0.4052631578947369,-26.42678698006535,39.21852796942205,-0.6738342397927282,0.5021436492478101,0.45405258271704385,0.9655827700495568,1.0
100041853|F|0-27:G>A-27:G>A,,,0.23404255319148937,-36.35195325666704,53.99502110790946,-0.6732463940335792,0.502515734507249,0.4532607070792174,0.9655827700495568,1.0
100014740|F|0-25:C>T-25:C>T,,,0.1368421052631579,-33.79007986550344,50.37952879498391,-0.6707105182148464,0.5041225503248958,0.4498525992440278,0.9656235729665413,1.0
100039953|F|0-31:A>G-31:A>G,,,0.3368421052631579,-30.063100757052272,44.83406275855958,-0.6705415237282443,0.5042297287576064,0.44962593504379555,0.9656235729665413,1.0
100039064|F|0-19:C>T-19:C>T,,,0.1368421052631579,37.27563541835984,55.646650253815864,0.669863060010584,0.5046601419875548,0.4487165191667433,0.9656235729665413,1.0
100016832|F|0-65:T>A-65:T>A,,,0.07894736842105263,40.60158547289934,60.655220773634376,0.6693831949672507,0.5049646842917426,0.4480738617045644,0.9656235729665413,1.0
100019098|F|0-17:C>A-17:C>A,,,0.30526315789473685,29.48564352983636,44.34855067860751,0.6648614910443827,0.5078391741582947,0.44204080227375986,0.9660489752152978,1.0
100019200|F|0-60:C>T-60:C>T,,,0.3684210526315789,26.42550847066253,39.774759425629334,0.664378838546411,0.5081465158388356,0.44139924110827805,0.9660489752152978,1.0
100034659|F|0-55:C>T-55:C>T,,,0.22580645161290325,29.929747176135834,45.258741938589935,0.6613031183400215,0.5101073897489633,0.4373218143262365,0.9660489752152978,1.0
100017697|F|0-59:C>T-59:C>T,,,0.07894736842105263,-42.5793619199669,64.38991704524454,-0.6612737502060745,0.5101261322898161,0.4372829727116058,0.9660489752152978,1.0
100019345|F|0-24:G>A-24:G>A,,,0.12105263157894737,31.500124358452215,47.68220079413542,0.6606264776756385,0.5105393101378578,0.43642734300612096,0.9660489752152978,1.0
100019086|F|0-55:A>G-55:A>G,,,0.29473684210526313,31.64014761276073,47.97596554588711,0.6594999653002958,0.5112588283752115,0.4349402042310913,0.9660489752152978,1.0
100013288|F|0-37:A>T-37:A>T,,,0.1736842105263158,-31.076461361341263,47.18464751971634,-0.6586138287534268,0.511825193559331,0.43377217542524815,0.9660489752152978,1.0
100034584|F|0-9:T>C-9:T>C,,,0.43157894736842106,-31.377446301744378,47.6851580234779,-0.6580128409408986,0.512209498180291,0.43298089884311236,0.9660489752152978,1.0
100033527|F|0-13:C>T-13:C>T,,,0.43157894736842106,-31.377446301744378,47.6851580234779,-0.6580128409408986,0.512209498180291,0.43298089884311236,0.9660489752152978,1.0
100014831|F|0-22:G>T-22:G>T,,,0.2736842105263158,-28.473353020807778,43.34778641631762,-0.6568582936933872,0.5129482082224764,0.43146281799378816,0.9660489752152978,1.0
100029339|F|0-11:C>T-11:C>T,Vu02 (old7),26187715.0,0.2736842105263158,-33.70923895827216,51.36748116923103,-0.6562369458454953,0.5133459965627595,0.43064692909262353,0.9660489752152978,1.0
100015393|F|0-56:G>A-56:G>A,,,0.07368421052631578,44.48260142323699,67.79041783701815,0.6561783042875196,0.5133835474570152,0.4305699670176446,0.9660489752152978,1.0
100049636|F|0-5:T>C-5:T>C,,,0.05172413793103448,41.62868682297861,63.459996080933394,0.6559831294330316,0.5135085373911821,0.4303138661007535,0.9660489752152978,1.0
100018873|F|0-22:A>T-22:A>T,,,0.33157894736842103,-26.087100335145845,39.81678232858922,-0.6551785154275211,0.5140239820405901,0.42925888707781057,0.9660489752152978,1.0
100016740|F|0-47:T>C-47:T>C,Vu06 (old6),33896302.0,0.10526315789473684,37.5037037746163,57.285589206840555,0.6546795501954604,0.5143437621078666,0.4286053134441304,0.9660489752152978,1.0
100017267|F|0-60:T>C-60:T>C,Vu07 (old2),29861358.0,0.3526315789473684,24.71289320324961,37.79836849691516,0.6538084627982423,0.5149022822014911,0.42746550602660066,0.9660489752152978,1.0
100040044|F|0-66:G>T-66:G>T,,,0.47368421052631576,-29.157556064309368,44.86634205826921,-0.6498759365415083,0.5174277047627097,0.42233873289570256,0.9686923888233827,1.0
100033028|F|0-17:A>C-17:A>C,,,0.4473684210526316,-25.90830083822374,39.876192640645186,-0.6497185193105877,0.5175289318038185,0.42213415433514245,0.9686923888233827,1.0
100030430|F|0-19:A>C-19:A>C,,,0.25263157894736843,-28.059700095238963,43.40176477762615,-0.6465105794431635,0.5195940630857147,0.417975929331935,0.9697069826323431,1.0
100015923|F|0-54:G>A-54:G>A,Vu09 (old8),37786229.0,0.06842105263157895,41.34890423908272,64.26311984702107,0.6434313232459636,0.5215804125172075,0.41400386773405173,0.9697069826323431,1.0
100017423|F|0-27:G>C-27:G>C,,,0.08947368421052632,41.17175910012718,64.08717130266875,0.6424337080768096,0.5222247994542223,0.41272106927331936,0.9697069826323431,1.0
100018935|F|0-28:A>T-28:A>T,,,0.19473684210526315,31.714173138984922,49.391664503337935,0.6420956543556382,0.5224432519451647,0.4122868293423952,0.9697069826323431,1.0
100029461|F|0-34:G>A-34:G>A,,,0.34210526315789475,26.20620496077805,40.865942210453355,0.641272500847285,0.5229753786274899,0.41123042034293117,0.9697069826323431,1.0
100034724|F|0-49:G>A-49:G>A,,,0.22631578947368422,31.45042074534349,49.06362038859873,0.6410130458422479,0.5231431616565356,0.41089772493995586,0.9697069826323431,1.0
100014531|F|0-60:G>C-60:G>C,,,0.3882978723404255,22.968308354637088,35.97220402242746,0.6385015591570958,0.5247687278780584,0.40768424104604234,0.9697069826323431,1.0
100017935|F|0-68:T>C-68:T>C,,,0.14210526315789473,32.61862230853138,51.18492325478374,0.6372701224179884,0.5255667382838579,0.40611320892663794,0.9697069826323431,1.0
100017951|F|0-58:G>A-58:G>A,,,0.3684210526315789,-23.912599774224024,37.52858059508613,-0.6371836982652912,0.525622767589669,0.40600306533503366,0.9697069826323431,1.0
100033416|F|0-48:G>A-48:G>A,,,0.14736842105263157,-34.598066403857615,54.30145159113546,-0.6371480943891681,0.525645850703226,0.4059576941837482,0.9697069826323431,1.0
100016574|F|0-9:G>A-9:G>A,,,0.2,28.43341850103291,44.69057928379193,0.636228461494679,0.5262422602401171,0.4047866552158863,0.9697069826323431,1.0
100015847|F|0-7:G>A-7:G>A,,,0.05789473684210526,42.78800079288757,67.42542855028535,0.6345973872598618,0.5273009248755115,0.402713843917043,0.9697069826323431,1.0
100030246|F|0-11:C>A-11:C>A,,,0.33157894736842103,-27.752932095079235,43.79053223921492,-0.6337655807303975,0.5278412420359272,0.4016588113185379,0.9697069826323431,1.0
100029504|F|0-25:T>C-25:T>C,,,0.49473684210526314,30.755966950269848,48.70863174776066,0.6314274461565804,0.5293615611857675,0.39870061975982124,0.9697069826323431,1.0
100035017|F|0-19:T>C-19:T>C,,,0.4421052631578947,25.486003634485286,40.43092186657991,0.6303592017661103,0.5300569157797207,0.39735272325120774,0.9697069826323431,1.0
100043426|F|0-30:G>A-30:G>A,,,0.4263157894736842,-25.097735225949727,39.821554533783484,-0.6302550344853443,0.5301247468482401,0.39722140849412246,0.9697069826323431,1.0
100034117|F|0-53:T>C-53:T>C,,,0.05172413793103449,44.36683673885445,70.53135696502495,0.6290370502988487,0.5309181995421558,0.3956876106486763,0.9697069826323431,1.0
100014666|F|0-59:T>C-59:T>C,,,0.2631578947368421,-26.61575190115874,42.317234278682456,-0.6289577368378862,0.530969889332881,0.3955878347282358,0.9697069826323431,1.0
100017834|F|0-8:C>T-8:C>T,,,0.0797872340425532,-41.85440252226993,66.57868386670319,-0.6286456879512127,0.5311732815414766,0.39519540097965344,0.9697069826323431,1.0
100019656|F|0-61:T>G-61:T>G,,,0.3263157894736842,26.054222856151515,41.47803985623723,0.6281449882023205,0.5314997195562183,0.3945661262036933,0.9697069826323431,1.0
100020103|F|0-18:T>C-18:T>C,,,0.12631578947368421,35.68335521717166,56.9026799021497,0.6270944580911311,0.5321849628734431,0.39324745936860933,0.9697069826323431,1.0
100015327|F|0-43:T>G-43:T>G,Vu05 (old1),38169638.0,0.22631578947368422,28.65707112566121,46.01941778494043,0.6227169422173581,0.5350452324484214,0.38777639012453646,0.9697069826323431,1.0
100019308|F|0-53:A>G-53:A>G,,,0.1276595744680851,29.642491345602707,47.60479482858336,0.6226786913448571,0.535070260265935,0.38772875265494383,0.9697069826323431,1.0
100029674|F|0-32:C>G-32:C>G,,,0.2894736842105263,-25.927192769788984,41.65408238064959,-0.6224406177732406,0.5352260469858559,0.38743232265393335,0.9697069826323431,1.0
100022289|F|0-10:A>G-10:A>G,,,0.14210526315789473,32.895468394391955,52.87741806550546,0.6221080680157356,0.5354436944075964,0.3870184482902711,0.9697069826323431,1.0
100049761|F|0-12:A>G-12:A>G,,,0.13636363636363635,31.364815155170817,50.45245558655869,0.621670735160944,0.5357299893653397,0.3864745029555485,0.9697069826323431,1.0
100030370|F|0-33:G>A-33:G>A,,,0.17894736842105263,-32.339185101544444,52.067679836107615,-0.6210990234890021,0.5361043720754041,0.38576399697899205,0.9697069826323431,1.0
100018462|F|0-57:G>T-57:G>T,,,0.09473684210526316,35.25262920649169,56.76853817432168,0.6209888494616486,0.5361765344077386,0.385627151155702,0.9697069826323431,1.0
100044383|F|0-68:C>A-68:C>A,,,0.22105263157894736,-26.365708014147767,42.4822172764996,-0.6206292821898636,0.5364120801492175,0.38518070591150533,0.9697069826323431,1.0
100059433|F|0-8:T>C-8:T>C,,,0.12234042553191489,-34.58257963407404,55.92663458063603,-0.6183561713196285,0.5379023763910777,0.38236435460906976,0.9697069826323431,1.0
100019346|F|0-50:A>C-50:A>C,,,0.23684210526315788,25.62235224202413,41.560722401186126,0.6165040153703604,0.5391182469825385,0.38007720096777753,0.9697069826323431,1.0
100021859|F|0-23:T>A-23:T>A,,,0.14361702127659573,-25.53664755594955,41.49517332634124,-0.6154124807508352,0.5398354535290448,0.37873252146389713,0.9697069826323431,1.0
100028230|F|0-30:T>C-30:T>C,,,0.09883720930232553,28.79856756165729,46.80593332395174,0.6152760027737842,0.5399251622402278,0.37856455958928575,0.9697069826323431,1.0
100014670|F|0-19:A>G-19:A>G,Vu11 (old9),34116227.0,0.07368421052631578,39.828795596444444,64.88442133040203,0.6138421947793867,0.5408680807184358,0.37680224009157454,0.9697069826323431,1.0
100059264|F|0-28:T>G-28:T>G,Vu03 (old3),7290112.0,0.3105263157894737,-30.409643950498683,49.83171263167685,-0.6102468156225477,0.543236192061497,0.3724011759774597,0.9697069826323431,1.0
100015415|F|0-31:C>A-31:C>A,,,0.39473684210526316,-37.6824675663025,61.88346370167371,-0.6089262835700539,0.544107282101547,0.37079121882243765,0.9697069826323431,1.0
100018958|F|0-51:A>G-51:A>G,,,0.06315789473684211,-41.64869525093699,68.41750145277622,-0.6087432947209297,0.5442280465294975,0.37056839886769266,0.9697069826323431,1.0
100014947|F|0-16:G>C-16:G>C,,,0.12105263157894737,-29.81127594521149,48.980644998218686,-0.6086337970089136,0.5443003165837812,0.37043509886148746,0.9697069826323431,1.0
100028279|F|0-18:C>T-18:C>T,,,0.25263157894736843,34.47648549577841,56.75857611161273,0.6074233685493137,0.5450995396846345,0.36896314865979535,0.9697069826323431,1.0
100042001|F|0-12:C>A-12:C>A,,,0.2789473684210526,-24.579112331480328,40.53439094430206,-0.6063767521573042,0.545791077991547,0.3676927655568408,0.9697069826323431,1.0
100033755|F|0-33:T>A-33:T>A,,,0.37894736842105264,28.52766408084542,47.0902335993176,0.6058085063578623,0.5461667242921812,0.3670039463755441,0.9697069826323431,1.0
100034813|F|0-53:C>A-53:C>A,,,0.053763440860215055,45.82751869617854,75.65780698757844,0.6057209496397713,0.54622461638533,0.36689786883250636,0.9697069826323431,1.0
100021300|F|0-36:C>T-36:C>T,,,0.06315789473684211,39.79191654943747,65.73403762604204,0.6053472141147312,0.5464717633320348,0.3664452496364663,0.9697069826323431,1.0
100033344|F|0-23:G>A-23:G>A,,,0.20967741935483875,-23.379160503739946,38.65022059455842,-0.6048907391496624,0.5467737012970307,0.36589280630902493,0.9697069826323431,1.0
100018009|F|0-24:G>T-24:G>T,,,0.06842105263157895,-41.50280332282973,68.67074263156547,-0.6043738822732985,0.5471156805812168,0.36526778957409883,0.9697069826323431,1.0
100016303|F|0-55:T>G-55:T>G,,,0.38421052631578945,20.24357998535299,33.52682176755706,0.6038025353462558,0.5474938385088565,0.3645775016905665,0.9697069826323431,1.0
100016185|F|0-62:C>T-62:C>T,,,0.41578947368421054,25.15456278052283,41.78151546998454,0.6020500333118275,0.5486545879835931,0.3624642426107726,0.9697069826323431,1.0
100021359|F|0-55:A>T-55:A>T,,,0.12105263157894737,30.46927130479943,50.694311836843475,0.6010392527442311,0.5493246280698033,0.3612481833393437,0.9697069826323431,1.0
100035888|F|0-14:T>C-14:T>C,,,0.2631578947368421,27.337386036773502,45.55639397675419,0.6000779177281416,0.5499622714832157,0.3600935073449422,0.9697069826323431,1.0
100029747|F|0-45:G>A-45:G>A,,,0.2,-27.821749793843125,46.36473526021811,-0.6000627338363076,0.549972345772676,0.3600752845391033,0.9697069826323431,1.0
100030288|F|0-38:C>G-38:C>G,,,0.22105263157894736,-26.21563320624816,43.74327872947722,-0.5993065441750316,0.5504741834273698,0.3591683338910191,0.9697069826323431,1.0
100018000|F|0-38:T>A-38:T>A,,,0.35789473684210527,22.778033029675466,38.15388304649875,0.5970043206851453,0.5520034405684953,0.35641415891673184,0.9697069826323431,1.0
100018158|F|0-47:G>T-47:G>T,contig_292,2803.0,0.18947368421052632,-31.068245946933697,52.081678967289655,-0.5965292702342867,0.5523192577177002,0.3558471702462507,0.9697069826323431,1.0
100015701|F|0-21:C>G-21:C>G,,,0.05789473684210526,40.169596556796705,67.45524220977967,0.5954999973445045,0.5530038353494763,0.3546202468373049,0.9697069826323431,1.0
100033514|F|0-34:C>T-34:C>T,,,0.2736842105263158,-24.581003701118686,41.28509113120602,-0.595396619641678,0.5530726160552165,0.354497134680737,0.9697069826323431,1.0
100018159|F|0-67:G>A-67:G>A,,,0.09473684210526316,33.64565657112464,56.54594051250988,0.5950145362544829,0.5533268661418637,0.3540422983541373,0.9697069826323431,1.0
100017587|F|0-60:T>A-60:T>A,,,0.12631578947368421,-43.04692829716289,72.34722518346835,-0.5950045518400794,0.5533335108602827,0.35403041671041374,0.9697069826323431,1.0
100020334|F|0-65:G>A-65:G>A,Vu08 (old5),423524.0,0.46842105263157896,-23.41645523706469,39.47238701878526,-0.5932363610521094,0.5545108844522142,0.3519293800743487,0.9697069826323431,1.0
100028407|F|0-26:C>T-26:C>T,,,0.19148936170212766,27.709023538330253,46.728416869343995,0.5929801477290932,0.5546815908237155,0.35162545560081726,0.9697069826323431,1.0
100028939|F|0-16:C>T-16:C>T,,,0.3473684210526316,-22.912381492207544,38.743419949426674,-0.5913876865314416,0.5557431799688126,0.3497393957810106,0.9697069826323431,1.0
100020853|F|0-67:A>G-67:A>G,,,0.10526315789473684,-29.6247725248458,50.10756832015408,-0.5912235120962801,0.5558526815811299,0.34954524125546027,0.9697069826323431,1.0
100035304|F|0-43:G>A-43:G>A,,,0.08947368421052632,38.769230937557076,65.60347997116455,0.5909630244401328,0.5560264444747207,0.34923729625542904,0.9697069826323431,1.0
100014492|F|0-26:T>A-26:T>A,,,0.4782608695652174,19.454692637637535,32.9573256416214,0.5902994936296786,0.5564691861365991,0.348453492179455,0.9697069826323431,1.0
100033466|F|0-26:G>A-26:G>A,,,0.12105263157894737,-31.702742553806043,54.20495951283857,-0.5848679316197474,0.5600999586227965,0.3420704974371615,0.9749661205348679,1.0
100016888|F|0-67:C>T-67:C>T,,,0.08510638297872342,30.825487469342054,52.86562383771709,0.5830913404893853,0.561290064616038,0.3399955113537082,0.9759699374908377,1.0
100043978|F|0-67:T>A-67:T>A,,,0.3631578947368421,-26.5535007436279,45.692678859813405,-0.5811325010095137,0.5626036955875321,0.3377149837295725,0.9761414849468718,1.0
100016871|F|0-26:A>G-26:A>G,,,0.38421052631578945,-22.107504494917684,38.04328766056719,-0.5811144581448112,0.5626158024489513,0.33769401346493755,0.9761414849468718,1.0
100038652|F|0-16:A>G-16:A>G,,,0.13157894736842105,28.465975855133102,49.07558169592352,0.5800435750616408,0.5633345998151355,0.33645054897028936,0.9763239088299351,1.0
100028807|F|0-29:G>A-29:G>A,,,0.14210526315789473,-28.74693657491809,49.7727739039338,-0.5775634814005428,0.5650010130955463,0.3335795750475152,0.9767013110094571,1.0
100020372|F|0-11:G>T-11:G>T,Vu03 (old3),40582693.0,0.05789473684210526,-41.57439967518648,72.02292590663134,-0.5772384161271433,0.5652196079932134,0.3332041890529731,0.9767013110094571,1.0
100016415|F|0-35:A>G-35:A>G,,,0.13157894736842105,26.272928836005047,45.535323297177314,0.576979077639132,0.5653940335887555,0.33290485603330355,0.9767013110094571,1.0
100040807|F|0-22:G>A-22:G>A,Vu10 (old10),38975128.0,0.3157894736842105,31.46830286384555,54.66388490129683,0.5756689799977792,0.5662755793900118,0.33139477453168353,0.977163174413784,1.0
100021973|F|0-54:T>C-54:T>C,,,0.16842105263157894,26.456609941074156,46.17394897175905,0.5729769822645139,0.568089087591757,0.32830262220494905,0.9783942925784369,1.0
100016864|F|0-56:A>G-56:A>G,,,0.13297872340425532,27.905381076667833,48.85216053569069,0.5712210221752743,0.5692735390931645,0.3262934561749652,0.9783942925784369,1.0
100035059|F|0-31:C>G-31:C>G,,,0.4105263157894737,35.27029444354939,61.89011010034109,0.5698857925178421,0.5701749960332068,0.32476981651368897,0.9783942925784369,1.0
100028819|F|0-28:A>T-28:A>T,,,0.19780219780219777,25.83260755666048,45.45324329726676,0.5683336475620404,0.57122376839484,0.32300313495117355,0.9783942925784369,1.0
100028477|F|0-24:T>G-24:T>G,,,0.08947368421052632,34.41319851687784,60.60877420208581,0.5677923530037922,0.5715897363419318,0.32238815612958294,0.9783942925784369,1.0
100044913|F|0-35:T>C-35:T>C,,,0.1,30.462117427478756,53.66231841410758,0.567663088881199,0.5716771482713304,0.32224138247814405,0.9783942925784369,1.0
100029976|F|0-21:C>T-21:C>T,,,0.05789473684210526,-38.33327596606469,67.68588922371113,-0.5663407307742973,0.5725717339670263,0.32074182333396506,0.9783942925784369,1.0
100019260|F|0-27:C>T-27:C>T,,,0.3684210526315789,-24.0493953982377,42.482901375478555,-0.5660958790380355,0.5727374522220641,0.32046454426384613,0.9783942925784369,1.0
100032753|F|0-47:A>G-47:A>G,,,0.2631578947368421,24.153937877407913,42.6697168963016,0.566067450977193,0.5727566941352035,0.32043235905581685,0.9783942925784369,1.0
100029329|F|0-43:G>A-43:G>A,,,0.07894736842105263,36.54975259502626,64.74585310716165,0.5645110974834531,0.5738106085981504,0.3186727791819727,0.9783942925784369,1.0
100034291|F|0-11:A>T-11:A>T,,,0.07368421052631578,34.70484095866906,61.60413109615249,0.5633524950542896,0.5745957844626361,0.31736603368389343,0.9783942925784369,1.0
100016293|F|0-58:A>G-58:A>G,,,0.39473684210526316,-23.07633567631588,41.129305511787656,-0.5610679633212431,0.5761455065645447,0.3147972594654478,0.9783942925784369,1.0
100035699|F|0-21:A>T-21:A>T,,,0.3263157894736842,-21.972157083678084,39.490969305293795,-0.5563843448312802,0.5793289154897968,0.3095635391733329,0.9783942925784369,1.0
100015397|F|0-30:G>C-30:G>C,,,0.06842105263157895,-37.769208340303344,68.00149408643657,-0.5554173308647451,0.5799872293193711,0.30848841142491773,0.9783942925784369,1.0
100038393|F|0-44:G>A-44:G>A,Vu09 (old8),37413218.0,0.30526315789473685,22.85628629435344,41.43080455210591,0.5516737254186791,0.5825391191084492,0.30434389931732414,0.9783942925784369,1.0
100020593|F|0-8:G>C-8:G>C,,,0.20526315789473684,-25.279883369401933,45.99593939086005,-0.5496111983838589,0.5839473473376028,0.30207246938894144,0.9783942925784369,1.0
100019646|F|0-30:T>C-30:T>C,,,0.2,26.451569358830664,48.58443289993359,0.5444453661383958,0.5874814693564498,0.29642075670957185,0.9783942925784369,1.0
100018591|F|0-14:C>T-14:C>T,,,0.4789473684210526,-22.023891101133245,40.494129663462736,-0.543878613620509,0.5878698159314488,0.29580394635376694,0.9783942925784369,1.0
100020750|F|0-37:T>C-37:T>C,Vu09 (old8),38249509.0,0.3526315789473684,17.287213697575215,31.81896891054183,0.5432989908056967,0.5882671062083404,0.29517379341048844,0.9783942925784369,1.0
100029425|F|0-25:A>T-25:A>T,,,0.41578947368421054,-22.61675143510763,41.63422577695754,-0.5432249792819461,0.5883178449330863,0.2950933781158708,0.9783942925784369,1.0
100044964|F|0-65:T>A-65:T>A,,,0.15263157894736842,30.694008924087772,56.61035067213215,0.5421978235368476,0.5890222254561883,0.29397847984809455,0.9783942925784369,1.0
100021056|F|0-55:T>C-55:T>C,,,0.21052631578947367,-24.326855789381252,44.93625319323158,-0.5413636887964979,0.5895945312311611,0.2930746435473514,0.9783942925784369,1.0
100020488|F|0-58:T>G-58:T>G,,,0.23684210526315788,21.76465252186564,40.346186370981705,0.5394475780620368,0.5909101745399847,0.2910036894769973,0.9783942925784369,1.0
100035576|F|0-54:C>T-54:C>T,,,0.11052631578947368,34.08917519257333,63.30463728654286,0.538494123870763,0.5915653480866636,0.28997592144334067,0.9783942925784369,1.0
100014140|F|0-33:C>G-33:C>G,,,0.08241758241758242,32.15811251700016,59.731894355466544,0.5383742281071171,0.5916477594154226,0.28984680948993413,0.9783942925784369,1.0
100016348|F|0-15:G>A-15:G>A,,,0.09473684210526316,-30.65427126013414,57.14278600678363,-0.53645041486943,0.5929708407465056,0.2877790476135836,0.9783942925784369,1.0
100033258|F|0-23:G>A-23:G>A,,,0.06315789473684211,-38.07066316385504,71.06969604456897,-0.5356806808344909,0.5935006027117616,0.28695379181930375,0.9783942925784369,1.0
100019329|F|0-51:C>A-51:C>A,,,0.3263157894736842,-24.732030805562673,46.28543438235117,-0.5343372301804107,0.5944257470011547,0.2855162755568732,0.9783942925784369,1.0
100040406|F|0-25:G>A-25:G>A,,,0.13333333333333333,-27.026149304179654,50.90626212241366,-0.5309002896184011,0.5967955822724579,0.2818551175169021,0.9783942925784369,1.0
100035288|F|0-19:C>G-19:C>G,,,0.46842105263157896,21.653224039327537,40.85777752285554,0.529965782578724,0.5974406976813309,0.28086373070427934,0.9783942925784369,1.0
100017310|F|0-9:T>G-9:T>G,,,0.3,-19.043004310903402,36.028102795503585,-0.528559730691121,0.5984119400287649,0.2793753889082704,0.9783942925784369,1.0
100015850|F|0-28:G>T-28:G>T,,,0.1,30.382206385366075,57.80252803190475,0.5256207197130942,0.6004444360683034,0.27627714099171113,0.9783942925784369,1.0
100035819|F|0-44:C>T-44:C>T,,,0.1368421052631579,22.137137496811775,42.12274807250027,0.5255387767842229,0.60050114978787,0.27619100590385726,0.9783942925784369,1.0
100053174|F|0-19:G>C-19:G>C,,,0.11052631578947368,-28.461201302833427,54.20471763769149,-0.525068712525546,0.6008265346652594,0.27569715287323443,0.9783942925784369,1.0
100020602|F|0-66:T>C-66:T>C,,,0.06842105263157894,-29.59934961213702,56.38316431227064,-0.5249678689228041,0.600896350529201,0.27559126340135043,0.9783942925784369,1.0
100040340|F|0-28:T>C-28:T>C,,,0.4574468085106383,20.946680085605934,39.91161393378593,0.5248266862962957,0.6009941000937462,0.27544305064875035,0.9783942925784369,1.0
100051718|F|0-23:T>C-23:T>C,,,0.4157894736842105,26.597887671007143,50.79078126546691,0.5236754979607151,0.6017914121541632,0.27423602716440293,0.9783942925784369,1.0
100021588|F|0-50:T>C-50:T>C,,,0.09473684210526316,28.168879258421562,53.89566742159492,0.522655727371786,0.6024981092542786,0.2731690093545307,0.9783942925784369,1.0
100020066|F|0-27:G>C-27:G>C,,,0.45789473684210524,-18.68322346196104,35.858515855809905,-0.5210261221375654,0.6036282075914138,0.2714682199497092,0.9783942925784369,1.0
100035901|F|0-29:T>A-29:T>A,,,0.3924731182795699,-18.7342321923775,36.00820078820888,-0.5202768197880119,0.6041481585473845,0.2706879692087274,0.9783942925784369,1.0
100028334|F|0-33:A>C-33:A>C,,,0.43157894736842106,22.731810369736802,43.71297704708741,0.5200243018280407,0.6043234302030326,0.2704252744917412,0.9783942925784369,1.0
100019956|F|0-49:C>A-49:C>A,,,0.4789473684210527,-20.840384883882013,40.19091091807318,-0.5185347733561929,0.6053577775036,0.26887831117955835,0.9783942925784369,1.0
100018124|F|0-61:T>A-61:T>A,,,0.4842105263157895,-20.206151026162036,39.06755783450968,-0.5172104975631026,0.6062780478840586,0.26750669878947214,0.9783942925784369,1.0
100034114|F|0-47:T>A-47:T>A,,,0.17894736842105263,-23.439712252151953,45.33199657949558,-0.5170677230385684,0.6063773032388462,0.26735903020828966,0.9783942925784369,1.0
100015194|F|0-9:C>T-9:C>T,,,0.26842105263157895,-21.06704954415738,40.79868913053985,-0.5163658439306974,0.6068653496396045,0.2666336847782613,0.9783942925784369,1.0
100016903|F|0-35:A>G-35:A>G,,,0.07894736842105263,-30.17208160377388,58.48394309028917,-0.5159036824379875,0.6071868075788546,0.2661566095530758,0.9783942925784369,1.0
100021291|F|0-61:A>G-61:A>G,,,0.20526315789473684,20.237302146634736,39.230023150063346,0.515862610358976,0.6072153791375955,0.26611423276637663,0.9783942925784369,1.0
100034936|F|0-34:G>C-34:G>C,,,0.16842105263157894,22.627208484040853,43.902912139436694,0.5153919724544992,0.6075428192804531,0.26562888527053924,0.9783942925784369,1.0
100016813|F|0-35:C>T-35:C>T,,,0.22631578947368422,-20.70237437791709,40.2159333747138,-0.514780402708095,0.6079684305354208,0.26499886301230846,0.9783942925784369,1.0
100019838|F|0-5:G>C-5:G>C,,,0.12631578947368421,26.587733722467835,51.83083514862728,0.5129713547201449,0.6092281962643398,0.2631396107634207,0.9783942925784369,1.0
100046262|F|0-23:C>A-23:C>A,,,0.12631578947368421,26.587733722467835,51.83083514862728,0.5129713547201449,0.6092281962643398,0.2631396107634207,0.9783942925784369,1.0
100014890|F|0-17:C>T-17:C>T,,,0.07894736842105263,-33.2768321146758,65.11013446756297,-0.5110852924325304,0.6105428478621536,0.2612081761408451,0.9783942925784369,1.0
100021699|F|0-19:G>C-19:G>C,,,0.1631578947368421,24.362221415260066,47.85448058458053,0.5090896634475218,0.6119352629981206,0.259172285429111,0.9783942925784369,1.0
100019433|F|0-7:G>A-7:G>A,,,0.49473684210526314,-21.68927648696755,42.616317296282,-0.5089430026573366,0.6120376493313507,0.25902297995386575,0.9783942925784369,1.0
100021616|F|0-67:G>T-67:G>T,,,0.15263157894736842,-24.654790554907542,48.44560495056167,-0.5089169715202762,0.6120558229056715,0.2589964839013696,0.9783942925784369,1.0
100046635|F|0-47:T>A-47:T>A,,,0.3473684210526316,18.930663022402413,37.300658427065216,0.5075155190468809,0.6130346015836028,0.2575720020734249,0.9783942925784369,1.0
100014325|F|0-37:G>A-37:G>A,,,0.12105263157894737,-26.817377690956434,52.89062708801782,-0.507034595115092,0.6133706422110173,0.2570840806435252,0.9783942925784369,1.0
100022316|F|0-39:A>G-39:A>G,,,0.22105263157894736,20.729839878283066,40.958010358248295,0.506124191506495,0.6140070035331789,0.2561616972281032,0.9783942925784369,1.0
100044804|F|0-53:G>C-53:G>C,,,0.28651685393258425,19.801473743809833,39.22024567400304,0.5048788808820529,0.6148779396935052,0.25490268436071417,0.9783942925784369,1.0
100014060|F|0-18:C>T-18:C>T,,,0.05789473684210526,35.79275383350111,71.0993780366322,0.5034186630304948,0.6158998794788398,0.25343035028741084,0.9783942925784369,1.0
100044112|F|0-25:G>A-25:G>A,,,0.1473684210526316,-26.019615389056142,51.75508443853442,-0.5027451055549462,0.6163715270619455,0.252752641159454,0.9783942925784369,1.0
100028940|F|0-16:C>T-16:C>T,,,0.3368421052631579,-18.60890372543249,37.01655318327478,-0.502718436081741,0.6163902052394047,0.2527258259764716,0.9783942925784369,1.0
100041008|F|0-24:G>A-24:G>A,,,0.17021276595744683,21.765926306991652,43.31416949217815,0.5025128396129639,0.616534204835294,0.25251915397588437,0.9783942925784369,1.0
100018444|F|0-56:T>G-56:T>G,,,0.11052631578947368,-33.05771591156815,65.92533121578084,-0.5014417872754651,0.6172846115322307,0.25144386602601276,0.9783942925784369,1.0
100015865|F|0-28:C>A-28:C>A,,,0.05789473684210526,40.226211674897115,80.24046794005211,0.5013207513314882,0.6173694379887771,0.25132249571556786,0.9783942925784369,1.0
100040070|F|0-17:A>G-17:A>G,,,0.3105263157894737,19.930426208753385,39.76091593873719,0.5012567175127902,0.6174143173514156,0.25125829685169715,0.9783942925784369,1.0
100029840|F|0-31:T>C-31:T>C,,,0.26842105263157895,-21.901941114696267,43.704255227821726,-0.5011397860580334,0.6174962748116353,0.25114108517029154,0.9783942925784369,1.0
100019590|F|0-61:C>T-61:C>T,,,0.3157894736842105,-19.287250463164096,38.70846915775768,-0.49826952299658894,0.6195095634777203,0.24827251754724827,0.9783942925784369,1.0
100016658|F|0-38:T>C-38:T>C,Vu02 (old7),33337276.0,0.06315789473684211,-32.70922490254454,65.75328206352089,-0.4974538741799357,0.6200822147127277,0.2474603569366273,0.9783942925784369,1.0
100018973|F|0-53:T>G-53:T>G,,,0.13157894736842105,27.753711996926302,55.80663176721845,0.4973192453666268,0.6201767575341237,0.24732643181203115,0.9783942925784369,1.0
100030709|F|0-39:T>A-39:T>A,,,0.3263157894736842,-20.292093109113683,40.81520672574866,-0.49716992113903036,0.6202816276475769,0.24717793048538966,0.9783942925784369,1.0
100016238|F|0-41:C>A-41:C>A,,,0.4842105263157895,-17.368517722008878,34.96384730641933,-0.49675648019490215,0.6205720273699995,0.2467670006156282,0.9783942925784369,1.0
100015169|F|0-21:A>G-21:A>G,,,0.05319148936170213,-40.3373473865827,81.33816624041751,-0.4959215243106721,0.6211586813139609,0.24593815827462054,0.9783942925784369,1.0
100016298|F|0-19:G>A-19:G>A,,,0.4473684210526316,-19.764415798414714,39.8709896510457,-0.49570918533486547,0.6213079133110951,0.245727596425356,0.9783942925784369,1.0
100048111|F|0-10:T>A-10:T>A,,,0.4105263157894737,-22.969043770414192,46.44891452103975,-0.49450119571707135,0.6221571905852231,0.2445314325656133,0.9783942925784369,1.0
100043408|F|0-39:C>A-39:C>A,,,0.05851063829787234,37.03585347272939,75.2112972413941,0.4924240749878456,0.623618706515231,0.24248146962763537,0.9783942925784369,1.0
100021798|F|0-27:T>C-27:T>C,,,0.23157894736842105,20.56235795216784,41.77006027788504,0.4922750366021014,0.6237236318302853,0.24233471166160028,0.9783942925784369,1.0
100058699|F|0-62:C>A-62:C>A,,,0.05263157894736842,-36.21256369104674,73.58126924133236,-0.49214377605089304,0.6238160477058332,0.24220549630563157,0.9783942925784369,1.0
100052450|F|0-8:A>G-8:A>G,,,0.08064516129032258,-31.030285689575937,63.11410997327865,-0.49165369998426006,0.6241611459866009,0.2417233607082128,0.9783942925784369,1.0
100019068|F|0-18:T>C-18:T>C,,,0.22105263157894736,19.80833166990145,40.40819616511581,0.4902057886712073,0.6251812155215303,0.24030171524676033,0.9783942925784369,1.0
100016739|F|0-27:A>C-27:A>C,Vu02 (old7),30482677.0,0.28421052631578947,-20.768352829496198,42.38561185635263,-0.4899859155007927,0.6253361825191861,0.24008619738914994,0.9783942925784369,1.0
100013604|F|0-58:C>T-58:C>T,,,0.1631578947368421,21.1346998712292,43.14492735674533,0.48985364366188866,0.6254294160555217,0.2399565922088286,0.9783942925784369,1.0
100038392|F|0-25:C>T-25:C>T,,,0.15263157894736842,27.895793445046117,56.96202071764026,0.48972619112873605,0.6255192584042928,0.23983174227745932,0.9783942925784369,1.0
100015126|F|0-46:T>G-46:T>G,,,0.06315789473684211,-36.68036118031364,75.02855660978751,-0.4888853369668672,0.6261121251571723,0.2390088727012073,0.9783942925784369,1.0
100019753|F|0-24:T>G-24:T>G,,,0.11052631578947368,-25.274666834566602,51.735497222329386,-0.4885362699028606,0.6263583164669446,0.23866768701060065,0.9783942925784369,1.0
100015855|F|0-33:A>T-33:A>T,,,0.3526315789473684,19.45577261616355,39.86947390902181,0.48798669028238734,0.6267460118148801,0.23813100989275862,0.9783942925784369,1.0
100019497|F|0-27:C>T-27:C>T,,,0.08421052631578947,-30.015671076761397,61.55537223660161,-0.48762065740402905,0.6270042841686166,0.23777390552713745,0.9783942925784369,1.0
100014346|F|0-43:T>C-43:T>C,Vu08 (old5),21386181.0,0.1,26.401641743478457,54.214990105582025,0.48698047702419706,0.6274561064121753,0.2371499850027145,0.9783942925784369,1.0
100035152|F|0-15:C>A-15:C>A,,,0.4894736842105263,20.26337459868844,41.8822905020656,0.4838172496246132,0.6296907105756158,0.2340791310343253,0.9783942925784369,1.0
100013605|F|0-20:C>T-20:C>T,,,0.05851063829787234,29.755127788428986,61.50658976479794,0.48377137965562733,0.629723140006528,0.23403474777390912,0.9783942925784369,1.0
100043419|F|0-6:T>A-6:T>A,,,0.3263157894736842,-21.2836416902954,44.07605134081743,-0.4828844926629191,0.6303502993985803,0.23317743325432477,0.9783942925784369,1.0
100014497|F|0-28:A>G-28:A>G,Vu02 (old7),28608269.0,0.3631578947368421,18.107579027978286,37.56247483058228,0.4820656548762761,0.6309295785600366,0.23238729561129295,0.9783942925784369,1.0
100016374|F|0-29:T>A-29:T>A,,,0.38421052631578945,19.047219721146007,39.63736879489921,0.48053693522656643,0.6320116740702927,0.2309157461169413,0.9783942925784369,1.0
100040406|F|0-33:C>T-33:C>T,,,0.28260869565217395,19.659485723950663,40.991222845544165,0.4796023236005435,0.6326736287535593,0.23001838880304046,0.9783942925784369,1.0
100045141|F|0-49:C>T-49:C>T,,,0.32105263157894737,21.286461647139433,44.428540338558086,0.4791168353704748,0.6330176022544558,0.22955294193541864,0.9783942925784369,1.0
100018223|F|0-41:G>A-41:G>A,Vu09 (old8),16423359.0,0.21578947368421053,20.13836975576211,42.06695948507541,0.4787217807578139,0.6332975621458833,0.22917454337193244,0.9783942925784369,1.0
100019676|F|0-10:G>T-10:G>T,,,0.24736842105263157,-19.409368381702862,40.70302993221794,-0.47685315845097903,0.6346225054866169,0.2273889347246745,0.9783942925784369,1.0
100020253|F|0-17:T>C-17:T>C,,,0.3684210526315789,18.9480121893076,40.064921495251085,0.47293271725375824,0.6374061545557524,0.22366535504902324,0.9783942925784369,1.0
100020395|F|0-36:T>C-36:T>C,,,0.17894736842105263,22.78251322662379,48.2174041066595,0.47249564029261387,0.6377168177791329,0.22325213009552716,0.9783942925784369,1.0
100038530|F|0-18:T>G-18:T>G,,,0.42105263157894735,-18.58948868402373,39.34352952554682,-0.47249163733398836,0.6377196632797782,0.22324834735055318,0.9783942925784369,1.0
100043219|F|0-41:C>T-41:C>T,,,0.32105263157894737,22.555042643196547,47.74956429348283,0.4723612241688037,0.6378123703659978,0.22312512609825083,0.9783942925784369,1.0
100013326|F|0-33:T>A-33:T>A,,,0.20526315789473684,-20.7119146938231,43.945837445026825,-0.47130549553714296,0.6385630703956368,0.22212887012351187,0.9783942925784369,1.0
100021757|F|0-47:G>A-47:G>A,,,0.3,-23.133118979030904,49.14537784515099,-0.4707079280562164,0.6389881515019105,0.2215659535349762,0.9783942925784369,1.0
100019390|F|0-56:C>T-56:C>T,,,0.22631578947368422,-22.96735338910893,48.846977809798915,-0.47018985449907563,0.6393567820276542,0.22107849927386192,0.9783942925784369,1.0
100019074|F|0-23:A>T-23:A>T,,,0.06315789473684211,-35.773365564271884,76.0973477442307,-0.47010003140331563,0.6394207040503087,0.22099403952539834,0.9783942925784369,1.0
100035349|F|0-16:C>T-16:C>T,,,0.37894736842105264,21.5953202596073,45.98671592553094,0.46959909671692807,0.639777240884231,0.22052331163735475,0.9783942925784369,1.0
100014980|F|0-61:T>A-61:T>A,,,0.1736842105263158,20.881718969105112,44.50685396936649,0.46917984774834315,0.6400757035067178,0.22012972953315846,0.9783942925784369,1.0
100012983|F|0-45:A>T-45:A>T,,,0.07894736842105263,-30.01011193359437,64.13343513477201,-0.4679323954896565,0.640964112732724,0.2189607267486883,0.9783942925784369,1.0
100034929|F|0-54:T>A-54:T>A,,,0.32105263157894737,-17.509358469203626,37.46264185650205,-0.46738183965434044,0.6413563734877721,0.2184457840386756,0.9783942925784369,1.0
100035378|F|0-22:G>A-22:G>A,,,0.45263157894736844,18.875267511473094,40.47175158694556,0.4663812850037714,0.6420695106095302,0.21751150300176905,0.9783942925784369,1.0
100018025|F|0-39:C>T-39:C>T,,,0.24736842105263157,-20.417053251984754,43.82905375385595,-0.46583376786199776,0.6424598911276304,0.21700109928050562,0.9783942925784369,1.0
100055734|F|0-19:T>C-19:T>C,,,0.06842105263157895,-31.97587853255546,68.6814256740881,-0.46556806616521956,0.6426493730288476,0.21675362423282227,0.9783942925784369,1.0
100022323|F|0-60:G>C-60:G>C,,,0.3894736842105263,-18.782035136759855,40.361830144836695,-0.4653415137361544,0.6428109547863363,0.21654272440625558,0.9783942925784369,1.0
100019323|F|0-14:A>G-14:A>G,Vu03 (old3),17470074.0,0.08421052631578947,-27.12385169756168,58.4062302654659,-0.464399971959829,0.6434826653833355,0.21566733395628998,0.9783942925784369,1.0
100017444|F|0-55:C>A-55:C>A,,,0.23684210526315788,-18.710668951571044,40.308408264252954,-0.4641877404066185,0.643634115627321,0.21547025834380223,0.9783942925784369,1.0
100016754|F|0-66:C>A-66:C>A,Vu01 (old4),1290094.0,0.41578947368421054,-17.899157883762143,38.57567009139611,-0.46400121738272426,0.6437672324723567,0.21529712973265014,0.9783942925784369,1.0
100021963|F|0-68:T>G-68:T>G,,,0.3368421052631579,20.554072419918864,44.2992261884921,0.46398265135516814,0.6437804832206786,0.2152799007585715,0.9783942925784369,1.0
100034020|F|0-16:G>A-16:G>A,,,0.35789473684210527,-18.72355591161094,40.387449149971886,-0.46359837785457103,0.6440547686776467,0.2149234559493896,0.9783942925784369,1.0
100041283|F|0-68:T>A-68:T>A,,,0.45789473684210524,-19.23021895991577,41.49455898462906,-0.4634395311211591,0.6441681641703845,0.2147761990057998,0.9783942925784369,1.0
100019856|F|0-16:C>T-16:C>T,Vu07 (old2),39191443.0,0.07894736842105263,28.610415079795484,61.7829409790826,0.4630795269115127,0.6444251905772856,0.21444264824459044,0.9783942925784369,1.0
100013293|F|0-29:C>A-29:C>A,,,0.4421052631578948,18.544205621161524,40.0848610205845,0.4626236726039451,0.6447507115523512,0.2140206624535622,0.9783942925784369,1.0
100017206|F|0-15:G>C-15:G>C,,,0.4631578947368421,-18.044385356569453,39.03662976666706,-0.462242398086767,0.6450230290372516,0.21366803458900516,0.9783942925784369,1.0
100021690|F|0-12:G>A-12:G>A,,,0.2894736842105263,20.221702729783452,43.800372813854565,0.4616787810396694,0.6454256696013199,0.21314729686227502,0.9783942925784369,1.0
100029687|F|0-47:A>T-47:A>T,,,0.20526315789473684,21.104978585988526,45.72116636280684,0.4616019289297256,0.645480579923372,0.21307634079164348,0.9783942925784369,1.0
100028760|F|0-23:G>T-23:G>T,,,0.3473684210526316,18.365421735984185,39.78670050582084,0.4615970035840822,0.6454840991171213,0.2130717937178032,0.9783942925784369,1.0
100017161|F|0-55:C>T-55:C>T,,,0.05789473684210526,29.18347354906845,63.38611229510184,0.4604080056716714,0.6463338823848154,0.2119755316865658,0.9783942925784369,1.0
100051692|F|0-12:T>A-12:T>A,,,0.09473684210526316,26.49878460421286,57.657297904999545,0.45959116308007064,0.646917956281945,0.2112240371812921,0.9783942925784369,1.0
100019269|F|0-46:T>G-46:T>G,,,0.05263157894736842,40.05521813120569,87.15807613756141,0.45956978293080525,0.6469332468840451,0.21120438538306746,0.9783942925784369,1.0
100018909|F|0-13:T>C-13:T>C,,,0.05263157894736842,40.05521813120569,87.15807613756141,0.45956978293080525,0.6469332468840451,0.21120438538306746,0.9783942925784369,1.0
100046553|F|0-7:C>T-7:C>T,,,0.05263157894736842,40.05521813120569,87.15807613756141,0.45956978293080525,0.6469332468840451,0.21120438538306746,0.9783942925784369,1.0
100020485|F|0-47:G>T-47:G>T,,,0.4526315789473684,-17.67387990057632,38.677408016837894,-0.4569561614077691,0.6488035902321968,0.20880893344852314,0.9794082920950884,1.0
100034306|F|0-9:C>T-9:C>T,,,0.23157894736842105,22.634918373057864,49.53885515343989,0.456912423651077,0.6488349087795243,0.20876896288670124,0.9794082920950884,1.0
100020374|F|0-28:A>G-28:A>G,,,0.06842105263157895,-29.349298000381506,64.55053447695059,-0.45467164971130364,0.6504402651501582,0.2067263090511984,0.9806445004924094,1.0
100017011|F|0-35:C>T-35:C>T,,,0.33157894736842103,17.334858683690623,38.218358938873685,0.45357412419031223,0.6512271674097697,0.2057294861350088,0.9806445004924094,1.0
100036149|F|0-36:T>A-36:T>A,,,0.05789473684210526,27.541949495988195,60.773573050661305,0.45318957095099577,0.6515029773855919,0.20538078721874764,0.9806445004924094,1.0
100021104|F|0-25:C>T-25:C>T,,,0.07368421052631578,28.5717353823499,63.420421100465056,0.45051317677454505,0.6534238871612188,0.20296212244749248,0.9817072344658523,1.0
100014517|F|0-34:C>T-34:C>T,,,0.20526315789473684,20.082783849986853,44.58021896924341,0.45048643354224616,0.6534430932114002,0.20293802680561257,0.9817072344658523,1.0
100018351|F|0-64:C>T-64:C>T,,,0.3105263157894737,-16.71262545497163,37.237529408657764,-0.44881133953763125,0.6546465516630414,0.20143161849756291,0.9824250252185183,1.0
100015853|F|0-63:C>G-63:C>G,,,0.05789473684210526,33.129244780432266,73.9322365666855,0.4481028346890372,0.6551558464845053,0.20079615045635063,0.9824250252185183,1.0
100035486|F|0-5:T>C-5:T>C,,,0.17553191489361702,-19.657801359644914,43.95761199688087,-0.4471990280327281,0.6558057669641459,0.19998697067341673,0.9824736113370586,1.0
100013762|F|0-26:A>T-26:A>T,,,0.34210526315789475,-16.808045672371186,37.73837120622352,-0.44538344224033,0.6571121415051872,0.19836641062184537,0.9829623026084109,1.0
100029543|F|0-46:T>C-46:T>C,,,0.24210526315789474,17.74950803266992,39.9253186247148,0.44456772404272105,0.6576994252904258,0.19764046126052498,0.9829623026084109,1.0
100029358|F|0-25:G>A-25:G>A,,,0.32105263157894737,19.067228820802672,42.96669496419853,0.4437676399520653,0.658275661927815,0.19692971826862588,0.9829623026084109,1.0
100030406|F|0-17:T>A-17:T>A,,,0.05263157894736842,31.429365121840373,70.94499482056925,0.4430103237209341,0.6588212864919065,0.1962581469233268,0.9829623026084109,1.0
100015018|F|0-5:T>A-5:T>A,,,0.14210526315789473,-21.544691319060664,48.780062422044665,-0.44167002355708745,0.6597873868007744,0.19507240970891818,0.9829623026084109,1.0
100018823|F|0-53:T>C-53:T>C,,,0.053763440860215055,29.22478301128445,66.62513853109368,0.4386449867964682,0.661969979523623,0.19240942444167375,0.9829623026084109,1.0
100015308|F|0-63:C>T-63:C>T,,,0.4,16.218595548104368,36.98610379471059,0.4385051109499077,0.6620709721263156,0.19228673232919086,0.9829623026084109,1.0
100019377|F|0-46:G>A-46:G>A,,,0.18421052631578946,22.91758089349171,52.4664120119204,0.4368048054874578,0.6632991192050492,0.19079843809693586,0.9829623026084109,1.0
100018629|F|0-63:G>A-63:G>A,,,0.4473684210526316,-16.951986808689675,38.98778836267273,-0.43480247330263194,0.6647466033982452,0.18905319079008595,0.9829623026084109,1.0
100018271|F|0-48:A>G-48:A>G,,,0.38421052631578945,-19.60911655260313,45.11000048583549,-0.4346955517936733,0.664823932683489,0.18896022274920612,0.9829623026084109,1.0
100020518|F|0-50:T>G-50:T>G,,,0.26842105263157895,15.278751842197059,35.43212879711781,0.43121179451797126,0.6673454847966049,0.18594361173140908,0.9829623026084109,1.0
100029409|F|0-44:A>G-44:A>G,,,0.06842105263157895,-30.24111699091384,70.13754436966974,-0.4311687451092357,0.6673766680418042,0.18590648675907306,0.9829623026084109,1.0
100036100|F|0-32:C>T-32:C>T,,,0.05789473684210526,-33.294811315173135,77.56717491569897,-0.42923841626768505,0.6687755194668563,0.18424561799999048,0.9829623026084109,1.0
100018871|F|0-15:C>A-15:C>A,,,0.09473684210526316,-28.505475418196127,66.45747515828698,-0.42892805286843055,0.6690005398091065,0.18397927453750315,0.9829623026084109,1.0
100034348|F|0-49:T>G-49:T>G,,,0.24736842105263157,17.67556098324105,41.28079328800436,0.42817881090423054,0.6695438813721571,0.18333709410736082,0.9829623026084109,1.0
100034130|F|0-64:A>T-64:A>T,,,0.2578947368421053,19.19914633767354,44.846212486710456,0.42811076505876466,0.6695932361458619,0.1832788271592008,0.9829623026084109,1.0
100021685|F|0-34:T>A-34:T>A,Vu06 (old6),22297694.0,0.23684210526315788,-18.910025289659696,44.31235587085172,-0.42674384870831356,0.6705849901580367,0.182110312410384,0.9829623026084109,1.0
100019075|F|0-58:G>A-58:G>A,Vu09 (old8),41940020.0,0.14210526315789473,21.571470499928033,50.649216571055675,0.4258993911517953,0.671197970733254,0.18139029138346993,0.9829623026084109,1.0
100043186|F|0-41:T>C-41:T>C,,,0.38421052631578945,-17.234543986670168,40.81114041839559,-0.4222999850036465,0.673813223089629,0.17833727733408009,0.9829623026084109,1.0
100016431|F|0-28:C>T-28:C>T,,,0.1,22.832204888649027,54.12354495398574,0.42185346336904395,0.6741379367332081,0.1779603445564573,0.9829623026084109,1.0
100019395|F|0-49:A>G-49:A>G,Vu07 (old2),128608.0,0.23157894736842105,20.563825607042116,48.94808530629434,0.42011501529351486,0.6754027357973507,0.17649662607507022,0.9829623026084109,1.0
100013419|F|0-62:G>T-62:G>T,,,0.18947368421052632,-19.823387950315627,47.38166921674828,-0.418376732563667,0.6766683469548868,0.17503909035065013,0.9829623026084109,1.0
100032842|F|0-24:A>C-24:A>C,Vu05 (old1),2448565.0,0.30526315789473685,-25.694715679484457,61.46501057175113,-0.4180380909475278,0.676915013824942,0.17475584548305353,0.9829623026084109,1.0
100030137|F|0-35:C>A-35:C>A,,,0.11578947368421053,22.190846069670624,53.12287280168385,0.4177267700207515,0.6771418113712685,0.1744956543919698,0.9829623026084109,1.0
100020208|F|0-26:C>G-26:C>G,,,0.10526315789473684,-24.375144947477466,58.39226077569188,-0.4174379382417164,0.6773522521743159,0.17425443228349502,0.9829623026084109,1.0
100017244|F|0-66:T>A-66:T>A,,,0.18947368421052632,20.447073258509413,49.276399080918125,0.4149465796989896,0.6791684999770957,0.17218066400388995,0.9829623026084109,1.0
100014707|F|0-12:T>C-12:T>C,,,0.32105263157894737,16.37346166261356,39.464551162817656,0.41489035552595255,0.6792095103796836,0.1721340071084513,0.9829623026084109,1.0
100016982|F|0-43:C>A-43:C>A,,,0.12105263157894737,-21.944253822462393,52.934390695652844,-0.41455570819037557,0.6794536250378983,0.17185643519322383,0.9829623026084109,1.0
100021071|F|0-60:A>G-60:A>G,Vu07 (old2),39201975.0,0.33157894736842103,-19.197899832736194,46.42863471190306,-0.4134926635655381,0.6802293091332027,0.17097618282252328,0.9829623026084109,1.0
100013309|F|0-13:A>C-13:A>C,,,0.05263157894736842,-31.50112590436851,76.34318594988541,-0.41262524627996344,0.6808625025879448,0.17025959386760048,0.9829623026084109,1.0
100017287|F|0-5:C>A-5:C>A,,,0.13157894736842105,20.36019945300611,49.37569650709139,0.4123526530928421,0.6810615362228774,0.17003471051270577,0.9829623026084109,1.0
100021043|F|0-14:C>T-14:C>T,,,0.3263157894736842,16.54468781691378,40.15364437571296,0.4120345257358727,0.681293845136219,0.16977245039838554,0.9829623026084109,1.0
100019762|F|0-66:A>G-66:A>G,,,0.3473684210526316,-15.188465261631269,36.88508149808064,-0.41177800467708386,0.6814811891284759,0.1695611251358405,0.9829623026084109,1.0
100021489|F|0-26:C>G-26:C>G,,,0.3894736842105263,-15.55127288358662,37.791215177072544,-0.4115049704202521,0.6816806150802849,0.16933634068057254,0.9829623026084109,1.0
100016417|F|0-54:G>T-54:G>T,,,0.28421052631578947,-18.301822431064735,44.53097675175985,-0.4109908150699042,0.6820562187862261,0.1689134500718242,0.9829623026084109,1.0
100019601|F|0-61:A>G-61:A>G,,,0.4052631578947368,15.85643664317476,38.58328165974769,0.41096651091027103,0.682073975583424,0.1688934730897619,0.9829623026084109,1.0
100047410|F|0-24:C>T-24:C>T,,,0.11702127659574468,20.4161391064897,49.701004525004215,0.41077920459773587,0.682210828953148,0.16873955492994855,0.9829623026084109,1.0
100028611|F|0-14:A>C-14:A>C,,,0.10526315789473684,24.391534957024568,59.39495744586205,0.4106667637443334,0.6822929877744344,0.16864719084424415,0.9829623026084109,1.0
100014001|F|0-46:T>A-46:T>A,,,0.05789473684210526,35.56335009320138,86.76534178165355,0.40987967502850564,0.6828682086858632,0.1680013480014734,0.9829623026084109,1.0
100034510|F|0-47:C>T-47:C>T,,,0.22105263157894736,-18.921425752251054,46.16904936775512,-0.4098292256687864,0.6829050845251666,0.16795999421227703,0.9829623026084109,1.0
100049328|F|0-63:A>C-63:A>C,Vu08 (old5),12604325.0,0.3736842105263158,-18.066550837372528,44.406951536018624,-0.40684060068205063,0.6850909831083644,0.16551927436333178,0.9829623026084109,1.0
100022139|F|0-65:T>C-65:T>C,,,0.49473684210526314,19.88051584542246,48.95897462255815,0.4060647919750834,0.6856588538063721,0.16488861528176774,0.9829623026084109,1.0
100030290|F|0-11:A>C-11:A>C,,,0.49473684210526314,19.88051584542246,48.95897462255815,0.4060647919750834,0.6856588538063721,0.16488861528176774,0.9829623026084109,1.0
100033573|F|0-7:C>G-7:C>G,,,0.1,-23.225511321919885,57.22046970578065,-0.40589515327892434,0.6857830487497762,0.1647508754553215,0.9829623026084109,1.0
100022062|F|0-25:G>T-25:G>T,,,0.12631578947368421,-18.871466096859166,46.61853115074037,-0.40480610673550704,0.6865805609127325,0.1638679840503587,0.9829623026084109,1.0
100035013|F|0-54:A>T-54:A>T,,,0.13978494623655913,20.64144244016024,51.36712529918045,0.4018414953131428,0.6887533509057527,0.16147658735550255,0.9829623026084109,1.0
100013491|F|0-20:G>A-20:G>A,,,0.06315789473684211,-27.033708532527903,67.32835769979145,-0.40152039134932943,0.688988848037337,0.16121862466931866,0.9829623026084109,1.0
100017285|F|0-30:C>T-30:C>T,Vu07 (old2),34134592.0,0.24210526315789474,18.43728336037191,46.24473046018101,0.3986893896213174,0.6910664240517953,0.15895322939661863,0.9829623026084109,1.0
100015767|F|0-23:A>T-23:A>T,,,0.23157894736842105,-19.618161229963928,49.39450889400661,-0.3971729179869291,0.6921802860033885,0.15774632678225192,0.9829623026084109,1.0
100016053|F|0-57:T>C-57:T>C,,,0.24736842105263157,-14.175222985477545,35.71672261416127,-0.3968791632594316,0.6923961298532623,0.15751307022950659,0.9829623026084109,1.0
100019495|F|0-5:T>G-5:T>G,,,0.2894736842105263,17.04192550135468,43.21406720102912,0.3943606007293115,0.6942477493633588,0.15552028340758345,0.9829623026084109,1.0
100033778|F|0-25:A>T-25:A>T,,,0.16489361702127658,17.332264108483802,43.961995239234355,0.39425562953101445,0.6943249634212606,0.15543750141689652,0.9829623026084109,1.0
100019242|F|0-32:A>G-32:A>G,,,0.4473684210526316,-16.781080234135608,42.66059031336707,-0.39336258853589995,0.6949819913100763,0.15473412605966372,0.9829623026084109,1.0
100018496|F|0-32:T>G-32:T>G,,,0.43157894736842106,17.99469062338733,45.804571519555864,0.392857962129493,0.6953533579807986,0.15433737840853815,0.9829623026084109,1.0
100034001|F|0-23:A>G-23:A>G,Vu10 (old10),40225556.0,0.4842105263157894,-17.798690812498133,45.49442077368671,-0.3912279903735499,0.6965534005963051,0.15305934045172645,0.9829623026084109,1.0
100035489|F|0-68:C>A-68:C>A,,,0.07446808510638298,-25.736879664865942,65.88675469339717,-0.39062296791869705,0.6969990362184258,0.1525863030656114,0.9829623026084109,1.0
100016630|F|0-66:A>T-66:A>T,,,0.15263157894736842,19.691814410224545,50.77525785218113,0.38782303120059197,0.6990627412874552,0.15040670352961533,0.9829623026084109,1.0
100022031|F|0-68:A>C-68:A>C,,,0.4,16.24881929523204,42.0180879533925,0.38671010716279214,0.6998836559747211,0.14954470698185818,0.9829623026084109,1.0
100034716|F|0-53:A>G-53:A>G,,,0.3263157894736842,-17.73410706769348,45.90763577162715,-0.3862997248630674,0.7001864521062158,0.14922747742928158,0.9829623026084109,1.0
100022070|F|0-37:G>C-37:G>C,,,0.18947368421052632,17.720234010280272,46.014115899437996,0.38510430253635936,0.7010687575287589,0.1483053238320158,0.9829623026084109,1.0
100035251|F|0-22:T>A-22:T>A,,,0.28421052631578947,-16.01718849549319,42.04573360790624,-0.38094681959553994,0.7041404576282063,0.14512047935995687,0.9829623026084109,1.0
100021909|F|0-26:T>C-26:T>C,,,0.3684210526315789,14.69267683776611,38.764005468439834,0.37902886092946003,0.7055591749436962,0.14366287741748396,0.9829623026084109,1.0
100032857|F|0-37:C>A-37:C>A,Vu05 (old1),29700622.0,0.44943820224719105,13.653282160251043,36.038470252254086,0.37885298861699257,0.7056893201948505,0.1435295869840271,0.9829623026084109,1.0
100036187|F|0-16:T>C-16:T>C,,,0.2315789473684211,-22.876599657202853,60.398068300421414,-0.3787637634934632,0.7057553500017689,0.1434619885357321,0.9829623026084109,1.0
100049017|F|0-36:G>A-36:G>A,,,0.24736842105263157,18.36993838020166,48.75082248601736,0.376812891422919,0.7071996279532251,0.14198795514250057,0.9829623026084109,1.0
100019277|F|0-46:C>T-46:C>T,,,0.18947368421052632,-17.511130269954688,46.49265983479405,-0.3766429008832434,0.7073255269289725,0.14185987478574474,0.9829623026084109,1.0
100020454|F|0-11:G>A-11:G>A,,,0.4052631578947368,15.521295394554024,41.59959684124311,0.37311167831236614,0.7099426687344034,0.13921232449307058,0.9829623026084109,1.0
100018585|F|0-68:A>G-68:A>G,,,0.22105263157894736,16.928328951056475,45.50477171396602,0.3720121717666138,0.710758273094175,0.13839305594251256,0.9829623026084109,1.0
100030242|F|0-19:A>G-19:A>G,,,0.23157894736842105,-14.86084163374289,39.97651653156249,-0.371739284037164,0.7109607510420713,0.13819009529646328,0.9829623026084109,1.0
100015314|F|0-65:G>A-65:G>A,,,0.18947368421052632,-17.79973303999913,47.966370444043804,-0.3710877615967168,0.7114442531933727,0.13770612680686173,0.9829623026084109,1.0
100014812|F|0-31:G>T-31:G>T,,,0.3157894736842105,-13.423590421909855,36.21224857415859,-0.3706919882210534,0.7117380187167061,0.13741255013127762,0.9829623026084109,1.0
100017539|F|0-11:A>T-11:A>T,,,0.07368421052631578,25.989139586623104,70.31887371245807,0.3695898158564893,0.7125563429715767,0.13659663198483368,0.9829623026084109,1.0
100020717|F|0-68:A>G-68:A>G,,,0.1,20.032270511696797,54.21515128987204,0.36949579656414305,0.7126261645865017,0.13652714367857058,0.9829623026084109,1.0
100015600|F|0-30:C>A-30:C>A,,,0.30526315789473685,17.047676236581296,46.2238041556494,0.3688072963267295,0.7131375406079545,0.13601882182383204,0.9829623026084109,1.0
100038568|F|0-15:C>T-15:C>T,,,0.30526315789473685,17.047676236581296,46.2238041556494,0.3688072963267295,0.7131375406079545,0.13601882182383204,0.9829623026084109,1.0
100021815|F|0-12:C>A-12:C>A,,,0.14210526315789473,-17.668052414180092,48.078031175036486,-0.36748702021213087,0.7141185278484659,0.1350467100243911,0.9829623026084109,1.0
100030376|F|0-12:T>C-12:T>C,,,0.4789473684210526,-15.099013590461446,41.12671458822348,-0.36713396004613036,0.7143809389708062,0.13478734461915365,0.9829623026084109,1.0
100046856|F|0-65:C>A-65:C>A,,,0.06842105263157895,-25.225429315669587,68.71418963397852,-0.36710655324669433,0.7144013104455956,0.13476722143666803,0.9829623026084109,1.0
100029202|F|0-28:C>T-28:C>T,,,0.4421052631578947,13.855013000519621,37.795670754367414,0.3665767196079892,0.7147951764567665,0.13437849135855434,0.9829623026084109,1.0
100029568|F|0-9:T>G-9:T>G,,,0.47368421052631576,-16.205145795649305,44.227142818972546,-0.3664072504520375,0.7149211721966042,0.13425427318382213,0.9829623026084109,1.0
100020311|F|0-17:G>A-17:G>A,,,0.05789473684210526,27.726221189084267,75.8626370792242,0.365479269592612,0.7156112408678023,0.13357509650194918,0.9829623026084109,1.0
100035736|F|0-29:C>T-29:C>T,Vu04 (old11),30896897.0,0.4105263157894737,-15.030732141879945,41.241699299863804,-0.36445472415171754,0.716373391741649,0.13282724595650452,0.9829623026084109,1.0
100014176|F|0-46:T>C-46:T>C,,,0.14210526315789473,19.516389008313002,53.659653267504005,0.36370695336065506,0.7169298336988696,0.13228274792288972,0.9829623026084109,1.0
100059522|F|0-10:G>T-10:G>T,,,0.19473684210526315,-14.921913676965577,41.03537516597132,-0.3636353662324893,0.7169831121616772,0.13223067957503665,0.9829623026084109,1.0
100017508|F|0-26:G>A-26:G>A,,,0.4368421052631579,13.462164735071845,37.20545308842441,0.36183310825638826,0.7183248969419231,0.13092319823047918,0.9829623026084109,1.0
100050471|F|0-63:C>G-63:C>G,,,0.06842105263157895,21.964724475537018,61.00565783078632,0.360044055855629,0.7196577241919463,0.12963172215697127,0.9829623026084109,1.0
100014340|F|0-44:A>G-44:A>G,,,0.06842105263157895,-25.124592657485238,69.98513020150054,-0.35899901286382896,0.7204366728342104,0.12888029123720363,0.9829623026084109,1.0
100038564|F|0-34:C>T-34:C>T,,,0.08421052631578951,28.26098080066766,79.07227562810152,0.3574069492268916,0.7216239238591171,0.12773972735567388,0.9829623026084109,1.0
100041722|F|0-10:C>T-10:C>T,,,0.1631578947368421,-16.075855876386466,45.030628775392515,-0.3569982546006841,0.7219288102265103,0.12744775378793485,0.9829623026084109,1.0
100020367|F|0-37:A>T-37:A>T,,,0.1,-19.631452450231258,55.13193151044378,-0.35608134727716595,0.7226129868472343,0.12679392587872165,0.9829623026084109,1.0
100035290|F|0-26:T>C-26:T>C,,,0.13157894736842105,-16.636275234885,46.841347554068975,-0.3551621826353682,0.7232990742445328,0.12614017597431865,0.9829623026084109,1.0
100033913|F|0-64:C>T-64:C>T,,,0.08421052631578947,21.125614594552786,59.7429289286064,0.35360861901829715,0.7244592068036397,0.12503905544402721,0.9829623026084109,1.0
100014294|F|0-58:C>T-58:C>T,,,0.06315789473684211,-26.77747306154355,75.76476791762664,-0.35342909108699033,0.7245933118546571,0.12491212242657611,0.9829623026084109,1.0
100028365|F|0-14:C>A-14:C>A,,,0.42105263157894735,-14.247177113128952,40.348295648465644,-0.35310480614243095,0.724835570303118,0.12468300412088375,0.9829623026084109,1.0
100013138|F|0-58:G>A-58:G>A,,,0.4263157894736842,11.880335440946613,33.708409158969005,0.35244426353432756,0.7253291180849883,0.12421695889825454,0.9829623026084109,1.0
100020694|F|0-67:C>T-67:C>T,Vu10 (old10),36275606.0,0.1736842105263158,-20.075143157265195,56.964233756037004,-0.35241662765520226,0.725349769740045,0.12419747944786547,0.9829623026084109,1.0
100044919|F|0-41:G>A-41:G>A,,,0.2631578947368421,-13.03676547068712,37.20819878749609,-0.35037346325584995,0.7268771409728091,0.12276156375389843,0.9829623026084109,1.0
100015680|F|0-33:A>G-33:A>G,,,0.11578947368421053,-21.554591599536764,61.556360348007296,-0.35016026739850176,0.727036579651964,0.12261221286459026,0.9829623026084109,1.0
100034096|F|0-46:G>C-46:G>C,Vu02 (old7),21233031.0,0.25,-16.328638215147546,46.665032112115526,-0.3499116463890353,0.7272225262372167,0.1224381602786853,0.9829623026084109,1.0
100033333|F|0-30:G>A-30:G>A,Vu03 (old3),53692049.0,0.12105263157894737,-19.659753830180644,56.491785155153586,-0.3480108439870596,0.7286446978695263,0.12111154753258555,0.9829623026084109,1.0
100016783|F|0-52:G>T-52:G>T,Vu07 (old2),39495827.0,0.06914893617021277,21.295760969059437,61.327835336111576,0.3472446215058219,0.7292182510006557,0.12057882716472151,0.9829623026084109,1.0
100021651|F|0-68:A>T-68:A>T,,,0.22105263157894736,21.012952123614824,60.531908012408415,0.34713844009852435,0.7292977448827864,0.12050509659403677,0.9829623026084109,1.0
100013726|F|0-64:C>G-64:C>G,Vu01 (old4),328264.0,0.48947368421052634,13.404819439594887,38.64925095475596,0.34683258041111825,0.7295267466463164,0.1202928388346348,0.9829623026084109,1.0
100043520|F|0-39:C>T-39:C>T,,,0.25263157894736843,-14.136967951730965,40.81126867291448,-0.34639863967555,0.7298516867102864,0.11999201756907153,0.9829623026084109,1.0
100021703|F|0-41:T>C-41:T>C,Vu07 (old2),38780837.0,0.2578947368421053,15.921963072450101,45.97310351635331,0.34633213454441736,0.7299014909160603,0.1199459474180924,0.9829623026084109,1.0
100013963|F|0-19:T>C-19:T>C,,,0.08421052631578947,21.09809308521334,61.0905543812949,0.34535769561903484,0.7306313591643168,0.11927193792328993,0.9829623026084109,1.0
100017507|F|0-36:T>C-36:T>C,,,0.2631578947368421,14.539171617751093,42.20522403143541,0.34448748825316006,0.731283366232266,0.11867162956297109,0.9829623026084109,1.0
100035010|F|0-32:A>C-32:A>C,,,0.12631578947368421,-18.63116634088027,54.15191611188905,-0.34405368597455405,0.7316084684390239,0.11837293883267705,0.9829623026084109,1.0
100030458|F|0-10:C>T-10:C>T,,,0.16842105263157894,-16.265041370461397,47.3699079672064,-0.3433623173116883,0.7321266985495668,0.11789768094965253,0.9829623026084109,1.0
100014449|F|0-27:C>G-27:C>G,,,0.3526315789473684,12.9166962593462,37.67125964640138,0.3428793297752148,0.732488805875095,0.1175662347871005,0.9829623026084109,1.0
100033659|F|0-57:T>C-57:T>C,,,0.3882978723404255,12.533187737155172,36.65140498510037,0.34195654279147547,0.7331808097008056,0.1169342771578982,0.9829623026084109,1.0
100021965|F|0-19:C>T-19:C>T,,,0.06842105263157895,25.210482879635368,73.74782143460256,0.3418471541154785,0.7332628555956007,0.11685947677685171,0.9829623026084109,1.0
100041089|F|0-45:A>G-45:A>G,,,0.32105263157894737,-13.930545315261986,40.754224412114965,-0.3418184376273118,0.7332843946270549,0.11683984430197644,0.9829623026084109,1.0
100035996|F|0-47:A>G-47:A>G,,,0.32105263157894737,-13.930545315261986,40.754224412114965,-0.3418184376273118,0.7332843946270549,0.11683984430197644,0.9829623026084109,1.0
100034779|F|0-8:A>T-8:A>T,,,0.2578947368421053,16.071609660470337,47.05942268275058,0.34151735708311853,0.7335102353461632,0.11663410518903829,0.9829623026084109,1.0
100013982|F|0-20:C>G-20:C>G,,,0.14210526315789473,-16.97775893705011,50.155234294302616,-0.3385042294374985,0.7357716731045557,0.11458511334707465,0.9829623026084109,1.0
100016587|F|0-41:C>T-41:C>T,Vu03 (old3),57417157.0,0.3,-12.738691054439359,37.66680881129446,-0.33819406146823994,0.7360045955661542,0.11437522321238365,0.9829623026084109,1.0
100019295|F|0-19:G>T-19:G>T,,,0.14361702127659573,17.41376767420682,51.564117157299385,0.33771096324766103,0.7363674301546654,0.11404869469766306,0.9829623026084109,1.0
100044377|F|0-51:A>T-51:A>T,,,0.1,22.352829198484994,66.26490256621936,0.3373253160094445,0.7366571163559464,0.11378836882087158,0.9829623026084109,1.0
100040372|F|0-41:A>T-41:A>T,,,0.06043956043956044,21.32016133882529,63.501469954409785,0.33574280019237157,0.7378462510771733,0.11272322788101474,0.9829623026084109,1.0
100029349|F|0-21:A>C-21:A>C,,,0.13157894736842105,-18.979297337390076,56.54043486274788,-0.33567653633125377,0.737896057035947,0.11267873704334753,0.9829623026084109,1.0
100032856|F|0-37:A>G-37:A>G,,,0.18947368421052632,16.75114340767843,50.01624875459176,0.3349140294360957,0.7384692611594998,0.112167407113122,0.9829623026084109,1.0
100052713|F|0-20:C>T-20:C>T,,,0.17894736842105263,-14.776077422180553,44.19649815675758,-0.3343268819573053,0.738910742008883,0.11177446399929396,0.9829623026084109,1.0
100015905|F|0-31:G>A-31:G>A,,,0.13157894736842105,16.891695896645555,50.59603912818449,0.3338541156126991,0.7392662823921524,0.11145857051153747,0.9829623026084109,1.0
100018802|F|0-14:G>A-14:G>A,Vu01 (old4),30676663.0,0.37894736842105264,15.936949068429444,47.83786624068231,0.3331450652135553,0.7397996246451469,0.11098563447614401,0.9829623026084109,1.0
100043126|F|0-48:T>A-48:T>A,Vu09 (old8),11448295.0,0.1631578947368421,16.364620870872617,49.13997966282749,0.33302050556711615,0.739893330599101,0.11090265712817764,0.9829623026084109,1.0
100021820|F|0-10:T>A-10:T>A,,,0.1,-22.784366463725597,68.42221298053161,-0.3329966318132462,0.7399112912210863,0.11088675679896663,0.9829623026084109,1.0
100035332|F|0-65:G>A-65:G>A,Vu04 (old11),505287.0,0.425531914893617,-13.252324661552077,39.99111953901194,-0.33138168709241145,0.7411265752980161,0.1098138225402129,0.9829623026084109,1.0
100014230|F|0-12:A>G-12:A>G,,,0.22631578947368422,13.716566596508981,41.55465705445355,0.3300849427907607,0.7421028817319764,0.10895606945717978,0.9829623026084109,1.0
100046319|F|0-37:A>C-37:A>C,,,0.1358695652173913,-16.378350978623583,49.65901569206779,-0.32981626297598476,0.7423052210453808,0.10877876732344394,0.9829623026084109,1.0
100041823|F|0-64:C>T-64:C>T,,,0.4473684210526316,-13.433969251720097,41.060848823196004,-0.32717222455788614,0.7442973762503834,0.10704166452215587,0.9829623026084109,1.0
100022075|F|0-54:C>G-54:C>G,,,0.22631578947368422,-14.309948454311836,43.77192369833008,-0.32692071184565663,0.7444869698154154,0.10687715183367086,0.9829623026084109,1.0
100032762|F|0-24:G>A-24:G>A,,,0.35789473684210527,-17.64896313374731,54.244960594444116,-0.32535673250272307,0.7456662707833643,0.10585700338484849,0.9829623026084109,1.0
100035075|F|0-30:T>C-30:T>C,,,0.19473684210526315,15.770582478297372,48.53885614143911,0.3249063478616576,0.746005990772203,0.10556413488080046,0.9829623026084109,1.0
100015825|F|0-15:C>G-15:C>G,,,0.05789473684210526,-24.014033523741023,74.02990171670038,-0.3243828907897051,0.7464008915460417,0.10522425983708575,0.9829623026084109,1.0
100032829|F|0-7:T>A-7:T>A,,,0.28421052631578947,14.661298802683964,45.22006196255182,0.3242211126297318,0.746522952165272,0.10511932987486124,0.9829623026084109,1.0
100020211|F|0-33:C>A-33:C>A,,,0.3631578947368421,14.019711224905464,43.25653246806465,0.32410621991616895,0.7466096419325704,0.10504484178834807,0.9829623026084109,1.0
100018705|F|0-34:T>C-34:T>C,Vu07 (old2),39159477.0,0.35789473684210527,14.594094750232134,45.43032097483689,0.32124128637161875,0.7487723660356773,0.10319596406969236,0.9829623026084109,1.0
100018671|F|0-6:A>T-6:A>T,Vu11 (old9),36066452.0,0.2631578947368421,14.149851827464053,44.06705457677087,0.3210981982653972,0.7488804354015516,0.10310405292928433,0.9829623026084109,1.0
100021892|F|0-24:G>A-24:G>A,,,0.26842105263157895,14.051578206975444,43.81294679088531,0.32071748732268984,0.7491679972748163,0.10285970667457972,0.9829623026084109,1.0
100016750|F|0-47:G>A-47:G>A,,,0.24210526315789474,-14.577227422482965,45.60492264128,-0.31964153381302224,0.7499808873763874,0.10217071013834143,0.9829623026084109,1.0
100021425|F|0-50:G>C-50:G>C,,,0.1631578947368421,15.027697607417956,47.067368784754784,0.3192805970552885,0.7502536408196203,0.1019400996559815,0.9829623026084109,1.0
100015350|F|0-49:A>G-49:A>G,,,0.1368421052631579,-18.179439056282504,57.00199202042267,-0.31892638155117764,0.7505213459980593,0.10171403684932734,0.9829623026084109,1.0
100038400|F|0-11:G>A-11:G>A,,,0.4789473684210527,-11.648549504480183,36.55938311982992,-0.31861996867671366,0.7507529480614055,0.10151868443954999,0.9829623026084109,1.0
100041134|F|0-8:G>C-8:G>C,,,0.12105263157894737,-16.83864551028589,52.87483287877386,-0.31846238736852095,0.7508720647315449,0.1014182921684579,0.9829623026084109,1.0
100022140|F|0-38:C>A-38:C>A,,,0.12631578947368421,21.19256377325879,66.63321470842781,0.31804804654844815,0.7511852962806919,0.10115455991328384,0.9829623026084109,1.0
100017365|F|0-6:C>T-6:C>T,Vu05 (old1),42048402.0,0.05263157894736842,-26.457854294987804,83.20623701433821,-0.31797921939948504,0.7512373319651026,0.10111078396990585,0.9829623026084109,1.0
100019383|F|0-67:A>T-67:A>T,,,0.18421052631578946,17.502829249689416,55.06525060655328,0.31785616258698035,0.7513303700009359,0.10103254009452088,0.9829623026084109,1.0
100013053|F|0-56:A>T-56:A>T,,,0.3421052631578947,-14.068133297133683,44.28890628917174,-0.31764463103423307,0.75149030862341,0.10089811162487407,0.9829623026084109,1.0
100043254|F|0-7:C>G-7:C>G,,,0.3,-14.53629443812107,45.83803485354726,-0.31712298497447805,0.7518847706349219,0.10056698759912303,0.9829623026084109,1.0
100045148|F|0-42:T>C-42:T>C,,,0.1827956989247312,14.260398276272271,44.976111896875864,0.31706605295205226,0.7519278258858422,0.1005308819345936,0.9829623026084109,1.0
100017261|F|0-49:C>T-49:C>T,,,0.07894736842105263,-20.441097098755517,64.50726506763786,-0.3168805417083238,0.7520681255419638,0.10041327771336074,0.9829623026084109,1.0
100020957|F|0-56:G>A-56:G>A,,,0.06842105263157895,20.772242648770344,66.46186743940694,0.31254377057202504,0.7553503314444134,0.09768360852337862,0.9829623026084109,1.0
100013918|F|0-61:T>G-61:T>G,,,0.33157894736842103,13.979927976554999,44.73943827442191,0.31247437419319357,0.7554028895251128,0.09764023452742795,0.9829623026084109,1.0
100016627|F|0-41:T>C-41:T>C,,,0.11578947368421053,-14.442048412948038,46.44804187136504,-0.3109291119945248,0.7565735079516712,0.09667691268570373,0.9829623026084109,1.0
100035529|F|0-67:G>T-67:G>T,,,0.24736842105263157,15.045303201828983,48.50725394409813,0.31016604690028104,0.7571517801407325,0.09620297664974733,0.9829623026084109,1.0
100020284|F|0-15:A>T-15:A>T,Vu05 (old1),16272496.0,0.24736842105263157,-15.045303201823781,48.50725394409829,-0.3101660469001728,0.7571517801408145,0.0962029766496802,0.9829623026084109,1.0
100017653|F|0-34:G>A-34:G>A,,,0.08947368421052632,17.61580912638003,56.87678809389083,0.3097187748594431,0.7574907997608776,0.09592571950043441,0.9829623026084109,1.0
100030268|F|0-10:A>C-10:A>C,,,0.3157894736842105,-13.155817635556042,42.4789323833707,-0.3097021722868481,0.7575033849571995,0.09591543551919254,0.9829623026084109,1.0
100016571|F|0-39:C>T-39:C>T,,,0.09473684210526316,18.11820220790133,58.59466297780062,0.30921249969072534,0.7578745993264688,0.09561236996498682,0.9829623026084109,1.0
100018699|F|0-47:A>G-47:A>G,,,0.16304347826086954,-13.486592426194903,43.68212793851049,-0.30874394317922005,0.7582298590256944,0.09532282244985346,0.9829623026084109,1.0
100029336|F|0-36:T>A-36:T>A,,,0.06315789473684211,-18.348180771710933,59.4766077964324,-0.30849406937447293,0.7584193346542087,0.09516859083922212,0.9829623026084109,1.0
100015684|F|0-29:T>C-29:T>C,,,0.09473684210526316,-19.134167297269887,62.027913854039205,-0.3084767181159017,0.7584324924061232,0.09515788561955749,0.9829623026084109,1.0
100029816|F|0-31:C>A-31:C>A,,,0.09473684210526316,-19.134167297269887,62.027913854039205,-0.3084767181159017,0.7584324924061232,0.09515788561955749,0.9829623026084109,1.0
100015678|F|0-23:A>G-23:A>G,,,0.30526315789473685,-12.075809316688485,39.185705988175705,-0.3081687317393838,0.7586660555019216,0.0949679672218603,0.9829623026084109,1.0
100039010|F|0-12:C>T-12:C>T,,,0.09473684210526316,18.278116031113644,59.85125707206944,0.3053923497229839,0.7607725477741591,0.0932644872693253,0.9829623026084109,1.0
100021842|F|0-18:C>G-18:C>G,,,0.30526315789473685,15.168935393241986,49.89967169812064,0.30398868122840356,0.7618382247891144,0.09240911831498395,0.9829623026084109,1.0
100016684|F|0-47:T>C-47:T>C,,,0.17368421052631577,-13.578937321289489,44.69027023464472,-0.3038454958986318,0.761946958158622,0.09232208537788547,0.9829623026084109,1.0
100032747|F|0-16:T>A-16:T>A,,,0.10526315789473684,-16.628675691813637,54.86931698644779,-0.3030596443531594,0.762543810230964,0.09184514803546347,0.9829623026084109,1.0
100016695|F|0-37:G>A-37:G>A,,,0.20526315789473684,12.30376163116468,40.637279096926,0.3027703110195534,0.7627635942815291,0.09166986123487708,0.9829623026084109,1.0
100016003|F|0-33:A>T-33:A>T,,,0.4842105263157894,10.981774605975303,36.52740255201444,0.30064482658840663,0.7643787547589131,0.09038731175437309,0.9829623026084109,1.0
100044126|F|0-46:C>T-46:C>T,,,0.05263157894736842,-21.45216908073705,71.42404075876335,-0.30034941810688554,0.764603319034612,0.09020977295714475,0.9829623026084109,1.0
100013428|F|0-14:G>T-14:G>T,,,0.4,10.010425052187637,33.32988116620772,0.30034385668128155,0.7646075469245602,0.0902064322461862,0.9829623026084109,1.0
100033379|F|0-46:C>G-46:C>G,,,0.3105263157894737,-16.490622964375085,55.10339696315773,-0.2992669031893035,0.7654263995042382,0.08956067934451595,0.9829623026084109,1.0
100046246|F|0-7:G>A-7:G>A,,,0.06842105263157895,-21.474164779853986,71.79327153811451,-0.29911110497943405,0.7655448814661587,0.08946745312201802,0.9829623026084109,1.0
100018361|F|0-34:C>A-34:C>A,,,0.07894736842105263,19.28824255172353,64.64145734232989,0.2983881141413066,0.7660947769934382,0.08903546666080542,0.9829623026084109,1.0
100019558|F|0-53:C>T-53:C>T,,,0.08421052631578947,-18.04719484091606,60.68068880392426,-0.2974124914638236,0.7668370102721626,0.08845419007871894,0.9829623026084109,1.0
100021715|F|0-7:C>A-7:C>A,,,0.35789473684210527,12.8220241134762,43.19047635623853,0.2968715604736357,0.7672486330314072,0.08813272341805155,0.9829623026084109,1.0
100015287|F|0-63:T>C-63:T>C,,,0.4473684210526316,12.353144457433464,41.644241098059254,0.2966351200480673,0.7674285739304737,0.0879923944459313,0.9829623026084109,1.0
100018265|F|0-5:C>T-5:C>T,,,0.34946236559139787,13.785364650150418,46.84571572577655,0.2942716198605353,0.7692279940283341,0.0865957862553434,0.9829623026084109,1.0
100034782|F|0-29:A>T-29:A>T,,,0.14893617021276595,12.87602043995446,44.02340555821289,0.29248124439006157,0.7705919154161847,0.08554527831995892,0.9829623026084109,1.0
100055747|F|0-35:G>C-35:G>C,,,0.05263157894736842,20.906982185291618,71.50156217393362,0.2923989567449395,0.770654620135178,0.085497149905529,0.9829623026084109,1.0
100029122|F|0-13:T>C-13:T>C,,,0.2,-12.89564714740269,44.15383066739659,-0.292061797413308,0.7709115577398704,0.08530009350829217,0.9829623026084109,1.0
100016225|F|0-50:A>C-50:A>C,,,0.3225806451612903,11.148087716770663,38.2205288512608,0.29167800791440157,0.7712040617059891,0.0850760603009137,0.9829623026084109,1.0
100038773|F|0-28:C>G-28:C>G,,,0.45263157894736844,10.318866468118557,35.747590967995514,0.2886590729248565,0.773506083863547,0.08332406038183761,0.9829623026084109,1.0
100038892|F|0-14:A>C-14:A>C,,,0.3736842105263158,12.72132680487116,44.256701114465685,0.28744408156334733,0.7744331219215644,0.08262410002579627,0.9829623026084109,1.0
100042005|F|0-34:A>G-34:A>G,,,0.24736842105263157,11.334477953499544,39.832107962448866,0.2845563173353757,0.776637795552534,0.08097229773547102,0.9829623026084109,1.0
100014000|F|0-40:A>G-40:A>G,,,0.2578947368421053,-11.527748669887007,40.88274010280002,-0.28197103816672703,0.7786130896834239,0.07950766636482183,0.9829623026084109,1.0
100033982|F|0-15:A>G-15:A>G,,,0.4368421052631579,-11.679495651532564,41.469317744452944,-0.2816418568423361,0.7788647068448559,0.07932213552559896,0.9829623026084109,1.0
100033253|F|0-41:A>G-41:A>G,,,0.30526315789473685,11.177261745541967,39.7196636425325,0.28140373609743163,0.779046734492261,0.07918806268959294,0.9829623026084109,1.0
100040251|F|0-68:A>C-68:A>C,,,0.28421052631578947,-11.563429813673329,41.14914626753112,-0.28101262997034504,0.7793457361382291,0.07896809820285006,0.9829623026084109,1.0
100017600|F|0-44:G>A-44:G>A,Vu08 (old5),34751666.0,0.0736842105263158,-16.913898666971566,60.32413813646818,-0.2803835941875892,0.7798267052424875,0.0786149598895507,0.9829623026084109,1.0
100044112|F|0-18:T>G-18:T>G,,,0.16666666666666674,-13.17868576368251,47.05076603328793,-0.2800950308515429,0.7800473732838559,0.07845322630772678,0.9829623026084109,1.0
100019664|F|0-61:T>C-61:T>C,,,0.42105263157894735,-11.975338207611603,42.93805115125602,-0.278898037673545,0.7809629213454268,0.07778411541815412,0.9829623026084109,1.0
100015479|F|0-29:T>C-29:T>C,,,0.4631578947368421,9.910371974909886,35.711305478359044,0.2775135728632364,0.7820222465309352,0.07701378312331883,0.9829623026084109,1.0
100020912|F|0-63:C>T-63:C>T,,,0.3736842105263158,10.185715064250427,36.77681289532934,0.27696024376119915,0.7824457422010002,0.07670697662426286,0.9829623026084109,1.0
100017056|F|0-15:G>A-15:G>A,,,0.08947368421052632,16.601197988691894,59.950068672031875,0.2769170804375866,0.7824787804181724,0.07668306943807682,0.9829623026084109,1.0
100021184|F|0-17:T>G-17:T>G,,,0.08947368421052632,16.601197988691894,59.950068672031875,0.2769170804375866,0.7824787804181724,0.07668306943807682,0.9829623026084109,1.0
100035362|F|0-6:C>A-6:C>A,,,0.1736842105263158,-13.992024615095355,50.91313742609065,-0.2748214964243214,0.7840832681937938,0.0755268548969033,0.9829623026084109,1.0
100016486|F|0-61:G>C-61:G>C,,,0.11578947368421053,20.355389612183604,74.1602808399688,0.27447832426779367,0.7843461077447123,0.07533835049285609,0.9829623026084109,1.0
100038609|F|0-8:A>T-8:A>T,,,0.47368421052631576,10.487964655812073,38.214770380028746,0.2744479307742522,0.7843693876815285,0.07532166670626875,0.9829623026084109,1.0
100034088|F|0-23:T>C-23:T>C,,,0.18421052631578946,-14.200690924122677,51.82257688301985,-0.2740251793379203,0.7846932150395767,0.0750897989111794,0.9829623026084109,1.0
100013715|F|0-6:A>G-6:A>G,,,0.13157894736842105,13.593076243732993,49.609948714948125,0.27399899810090356,0.7847132710989873,0.07507545096029895,0.9829623026084109,1.0
100030143|F|0-33:C>T-33:C>T,,,0.29473684210526313,-11.7004386032886,42.77654799433203,-0.273524609906319,0.7850766999412558,0.07481571222440397,0.9829623026084109,1.0
100017042|F|0-9:A>G-9:A>G,,,0.2736842105263158,-13.660721393742538,50.06288827182684,-0.27287121988585267,0.7855773400877266,0.07445870264199336,0.9829623026084109,1.0
100038435|F|0-28:C>A-28:C>A,,,0.2736842105263158,-13.660721393742538,50.06288827182684,-0.27287121988585267,0.7855773400877266,0.07445870264199336,0.9829623026084109,1.0
100029664|F|0-7:G>A-7:G>A,,,0.33157894736842103,11.410237954277731,41.878941512680626,0.27245764917011567,0.785894272637167,0.07423317059130582,0.9829623026084109,1.0
100043217|F|0-12:G>T-12:G>T,,,0.06842105263157895,18.057728815272743,66.30879264789003,0.2723278179888161,0.7859937738934973,0.07416244045054976,0.9829623026084109,1.0
100043216|F|0-30:A>T-30:A>T,,,0.06842105263157895,18.057728815272743,66.30879264789003,0.2723278179888161,0.7859937738934973,0.07416244045054976,0.9829623026084109,1.0
100018760|F|0-65:A>G-65:A>G,,,0.49473684210526314,11.55104366073595,42.46303083115261,0.2720258878050135,0.7862251837624874,0.0739980836361058,0.9829623026084109,1.0
100029006|F|0-13:A>C-13:A>C,,,0.08421052631578947,-16.810193960738733,62.29747646130211,-0.26983747842789224,0.7879030301272969,0.07281226476432322,0.9829623026084109,1.0
100029682|F|0-15:A>G-15:A>G,,,0.1736842105263158,14.124686792104447,52.70351195887999,0.2680027623799477,0.7893104729001679,0.0718254806432827,0.9829623026084109,1.0
100013358|F|0-37:G>A-37:G>A,,,0.08947368421052632,18.916998140866543,71.22530639876129,0.2655937769499793,0.7911595090236819,0.07054005435455536,0.9829623026084109,1.0
100045342|F|0-29:C>T-29:C>T,,,0.14736842105263157,13.880247870863561,52.61761364201602,0.26379470504492736,0.7925411815545731,0.06958764640974022,0.9829623026084109,1.0
100014259|F|0-39:T>A-39:T>A,,,0.41578947368421054,-10.146907046380854,39.15941679322653,-0.25911793068726147,0.7961359958879188,0.06714210200364844,0.9829623026084109,1.0
100014950|F|0-45:G>A-45:G>A,,,0.18421052631578946,-12.002566506988996,46.3742449715996,-0.2588196641118271,0.7963654094179412,0.06698761853095901,0.9829623026084109,1.0
100021959|F|0-60:G>A-60:G>A,Vu02 (old7),21244140.0,0.2631578947368421,-11.68459219781059,45.216584275055524,-0.25841386263793015,0.7966775627924716,0.06677772440345503,0.9829623026084109,1.0
100016631|F|0-38:C>G-38:C>G,,,0.3263157894736842,-11.69404981364083,45.28473491318988,-0.25823381402271955,0.7968160716107656,0.06668470270472052,0.9829623026084109,1.0
100017562|F|0-36:T>A-36:T>A,,,0.28421052631578947,-10.056027027540653,39.33253219860128,-0.2556669114707611,0.7987914585605975,0.06536556962099799,0.9829623026084109,1.0
100022102|F|0-51:T>G-51:T>G,,,0.5,-9.197964951741469,36.092660157525145,-0.254843087530741,0.7994257192990935,0.0649449992622009,0.9829623026084109,1.0
100016523|F|0-36:G>T-36:G>T,Vu03 (old3),39488805.0,0.26842105263157895,10.94707149233743,43.07226812251374,0.25415590981185016,0.7999548792768711,0.06459522649228931,0.9829623026084109,1.0
100021389|F|0-57:T>C-57:T>C,,,0.2736842105263158,9.19522078316027,36.313125409564385,0.253220307518294,0.8006754882390017,0.06412052413965938,0.9829623026084109,1.0
100017631|F|0-51:G>A-51:G>A,Vu03 (old3),64729430.0,0.14736842105263157,-12.320166962602535,48.83363275016001,-0.25228856156645785,0.8013932984657614,0.06364951829727239,0.9829623026084109,1.0
100022081|F|0-44:A>C-44:A>C,,,0.34210526315789475,-9.23378589309454,36.91881834158882,-0.2501105481670506,0.8030718880780129,0.06255528630442253,0.9829623026084109,1.0
100015478|F|0-48:C>T-48:C>T,,,0.14210526315789473,-11.874299792365136,47.51338006753284,-0.24991486136089824,0.8032227487808418,0.06245743792903699,0.9829623026084109,1.0
100016024|F|0-58:G>A-58:G>A,,,0.3157894736842105,10.135266807492492,40.65846080905805,0.24927817250855,0.8037136424633324,0.06213960728920241,0.9829623026084109,1.0
100017546|F|0-5:C>G-5:C>G,,,0.06315789473684211,17.346610381659268,69.60535965706235,0.2492137166896922,0.8037633429571976,0.062107476586290164,0.9829623026084109,1.0
100034920|F|0-44:G>C-44:G>C,,,0.10526315789473684,-14.07995682904439,56.77541070991459,-0.24799392294991593,0.8047040515041552,0.06150098582008884,0.9829623026084109,1.0
100013447|F|0-28:T>A-28:T>A,,,0.10526315789473684,-14.07995682904439,56.77541070991459,-0.24799392294991593,0.8047040515041552,0.06150098582008884,0.9829623026084109,1.0
100013163|F|0-33:C>A-33:C>A,,,0.10526315789473684,-14.07995682904439,56.77541070991459,-0.24799392294991593,0.8047040515041552,0.06150098582008884,0.9829623026084109,1.0
100043273|F|0-46:A>T-46:A>T,,,0.21052631578947367,-11.60397672891271,46.90745567679186,-0.24738022051053055,0.805177449466274,0.06119697349983872,0.9829623026084109,1.0
100038699|F|0-6:A>C-6:A>C,,,0.2,-13.07894732722386,52.98960969123466,-0.24682097874344844,0.8056089007875858,0.060920595547873824,0.9829623026084109,1.0
100014467|F|0-44:T>A-44:T>A,,,0.06315789473684211,-15.189324706144863,61.79498348052658,-0.2458019057636202,0.8063952635011877,0.06041857687702763,0.9829623026084109,1.0
100013484|F|0-22:G>A-22:G>A,,,0.17894736842105263,11.491209098874002,46.84968686962608,0.2452782476615455,0.806799419203763,0.06016141877591845,0.9829623026084109,1.0
100052894|F|0-30:A>C-30:A>C,,,0.42105263157894735,-10.46623912253048,42.919566895922955,-0.24385705354181234,0.8078965510633462,0.05946626256209433,0.9829623026084109,1.0
100036017|F|0-28:C>A-28:C>A,,,0.26842105263157895,-10.085516503851474,41.60070858079835,-0.2424361711114375,0.8089938264482418,0.058775297063174206,0.9829623026084109,1.0
100021502|F|0-49:T>G-49:T>G,,,0.05789473684210526,-15.870842728418738,65.49944630245476,-0.24230499071904274,0.8090951497010578,0.05871170852735539,0.9829623026084109,1.0
100041373|F|0-34:A>C-34:A>C,,,0.08421052631578947,-15.241785477841047,63.221861702013975,-0.2410840976129545,0.8100383189171724,0.05812154212185257,0.9829623026084109,1.0
100019248|F|0-30:G>A-30:G>A,Vu02 (old7),25315767.0,0.15760869565217392,10.883738100830515,45.15296337783772,0.24104150174498942,0.8100712303198104,0.05810100556347974,0.9829623026084109,1.0
100033311|F|0-46:C>T-46:C>T,,,0.4736842105263158,-9.421746145507289,39.09226104092602,-0.24101307764325994,0.8100931921952783,0.058087303595076044,0.9829623026084109,1.0
100034945|F|0-61:G>A-61:G>A,,,0.4789473684210526,-9.707012516989172,40.32660320317908,-0.2407098973370496,0.8103274538424428,0.05794125467601295,0.9829623026084109,1.0
100035931|F|0-44:G>C-44:G>C,,,0.3684210526315789,10.603483183153076,44.28016246880842,0.23946351124213514,0.8112906939060034,0.05734277321641218,0.9829623026084109,1.0
100019787|F|0-26:A>G-26:A>G,,,0.2894736842105263,12.426883455599667,51.9188268296129,0.23935216210455193,0.8113767616165741,0.0572894575041237,0.9829623026084109,1.0
100020010|F|0-17:T>C-17:T>C,Vu03 (old3),2486590.0,0.07894736842105263,-16.035376374942096,67.2385932616858,-0.23848470940690317,0.8120473415403836,0.05687495662089505,0.9829623026084109,1.0
100017121|F|0-19:C>T-19:C>T,,,0.08152173913043477,-13.822749218505663,58.0062561236272,-0.23829755861239524,0.8121920359186228,0.056785726440627945,0.9829623026084109,1.0
100013847|F|0-11:C>A-11:C>A,,,0.32105263157894737,9.233799295815864,38.769702886370055,0.2381704941840582,0.8122902786437262,0.0567251842998785,0.9829623026084109,1.0
100020677|F|0-42:G>T-42:G>T,,,0.15789473684210525,-11.75965004931185,49.37503587091684,-0.23816995455062717,0.8122906958798771,0.05672492725064781,0.9829623026084109,1.0
100059231|F|0-56:A>G-56:A>G,,,0.47368421052631576,-8.55167997974032,36.336723968217775,-0.2353453764081792,0.8144753553044393,0.05538744619670755,0.9829623026084109,1.0
100021422|F|0-18:C>G-18:C>G,,,0.24736842105263157,9.739207636043735,41.47293795942583,0.23483283594646426,0.8148719356537504,0.055146460838659,0.9829623026084109,1.0
100018445|F|0-45:A>G-45:A>G,,,0.3894736842105263,9.578835356835278,40.850006444647235,0.23448797663752724,0.815138799154887,0.05498461118756152,0.9829623026084109,1.0
100033734|F|0-65:A>G-65:A>G,,,0.12631578947368421,-12.098530035964185,51.874833924354505,-0.2332254220535267,0.8161159913476287,0.05439409749204566,0.9829623026084109,1.0
100056084|F|0-56:G>T-56:G>T,Vu11 (old9),1725731.0,0.2,-10.488682335042787,45.023218767687695,-0.23296162784723679,0.8163201996056857,0.05427112004923445,0.9829623026084109,1.0
100013788|F|0-18:C>T-18:C>T,,,0.07894736842105263,15.689037633003057,67.36434913340884,0.23289822932798437,0.8163692795309313,0.0542415852241104,0.9829623026084109,1.0
100033630|F|0-40:T>C-40:T>C,,,0.49473684210526314,-9.860384214101629,42.52492931921098,-0.23187303005456425,0.817163038461147,0.053765102066684854,0.9829623026084109,1.0
100033589|F|0-16:T>C-16:T>C,,,0.14736842105263157,10.054332167104612,43.52801779511881,0.23098529812290455,0.8178505176004266,0.05335420794892709,0.9829623026084109,1.0
100052747|F|0-12:T>G-12:T>G,,,0.2074468085106383,-12.398545384691655,53.700289383863876,-0.23088414470290042,0.8179288620856932,0.05330748827518986,0.9829623026084109,1.0
100017362|F|0-34:C>A-34:C>A,,,0.15263157894736842,-11.948216340945894,51.92365542656126,-0.23011123240051873,0.81852755252255,0.05295117927688554,0.9829623026084109,1.0
100030094|F|0-15:T>A-15:T>A,Vu03 (old3),33492365.0,0.3631578947368421,11.406674622211932,49.60313073422445,0.22995876375887137,0.818645665984578,0.05288103302950841,0.9829623026084109,1.0
100019849|F|0-35:A>C-35:A>C,,,0.48947368421052634,-9.534315149078147,41.50630474900024,-0.22970763614671813,0.8188402170878518,0.05276559810411305,0.9829623026084109,1.0
100017856|F|0-8:G>C-8:G>C,,,0.24210526315789474,-10.7065420364473,46.99530884503511,-0.22782150600928347,0.8203017828534677,0.05190263860033798,0.9829623026084109,1.0
100016465|F|0-15:G>A-15:G>A,,,0.13978494623655913,-10.542885149689099,46.614257253875905,-0.22617297305133985,0.8215797541680754,0.0511542137388821,0.9829623026084109,1.0
100033513|F|0-54:T>C-54:T>C,Vu06 (old6),29636850.0,0.06842105263157895,-14.142199881103169,62.71185355030433,-0.22551079390053427,0.8220932226846898,0.05085511816564925,0.9829623026084109,1.0
100028251|F|0-5:A>G-5:A>G,,,0.1631578947368421,-10.436691501441478,46.58986061782363,-0.22401207822993077,0.8232556461481537,0.05018141119289263,0.9829623026084109,1.0
100014086|F|0-61:C>T-61:C>T,,,0.06842105263157895,-13.76757908843534,61.53046879902541,-0.2237522215766607,0.8234572345597179,0.05006505666049106,0.9829623026084109,1.0
100015153|F|0-7:G>C-7:G>C,,,0.10526315789473684,12.096657714191958,54.0791354259246,0.22368437695830895,0.8235098681772539,0.050034700495226854,0.9829623026084109,1.0
100034940|F|0-27:A>C-27:A>C,,,0.3,9.946472045568752,44.50660389291994,0.2234830603903037,0.823666053616663,0.049944678281416126,0.9829623026084109,1.0
100015669|F|0-64:A>C-64:A>C,,,0.06842105263157895,13.86808805260496,62.60601001240132,0.22151368614383665,0.8251943073148478,0.04906831314903017,0.9829623026084109,1.0
100033812|F|0-51:C>A-51:C>A,,,0.06315789473684211,14.390673182419741,65.81680881251825,0.21864738570677494,0.8274197871080383,0.047806679276407214,0.9829623026084109,1.0
100015099|F|0-66:G>T-66:G>T,,,0.26842105263157895,-9.31499563865957,42.70945473179626,-0.21810148823381625,0.8278437983003962,0.04756825916980549,0.9829623026084109,1.0
100047135|F|0-14:G>A-14:G>A,,,0.2127659574468085,9.840470392088823,45.17891476764975,0.21781112810472084,0.828069348521451,0.04744168752625111,0.9829623026084109,1.0
100033204|F|0-66:T>C-66:T>C,,,0.14210526315789473,-11.009820700041763,50.619804439976036,-0.21750026144603127,0.8283108440854723,0.04730636372909196,0.9829623026084109,1.0
100035309|F|0-20:A>C-20:A>C,,,0.15425531914893617,-9.540536888101547,43.90005931327686,-0.21732400906383664,0.8284477724000543,0.04722972491557855,0.9829623026084109,1.0
100040940|F|0-64:T>A-64:T>A,,,0.39473684210526316,8.880031724630957,40.93509875035195,0.21692952980978478,0.8287542576969759,0.047058420903494304,0.9829623026084109,1.0
100018646|F|0-46:C>T-46:C>T,,,0.18947368421052632,-9.141423644158758,42.14080725612206,-0.21692568888391967,0.8287572419825137,0.04705675449776311,0.9829623026084109,1.0
100021316|F|0-63:C>A-63:C>A,,,0.19473684210526315,-9.862684693009884,45.999252629121735,-0.2144096725338077,0.8307126500603432,0.045971507676054645,0.9829623026084109,1.0
100044544|F|0-31:A>G-31:A>G,,,0.10526315789473684,11.468419168586955,53.57211798008087,0.21407440289837207,0.830973297087056,0.04582784997629453,0.9829623026084109,1.0
100018804|F|0-63:G>A-63:G>A,,,0.08947368421052632,12.909772129985916,60.35311153423822,0.21390400265713266,0.831105777758247,0.045754922352742616,0.9829623026084109,1.0
100019864|F|0-41:A>G-41:A>G,,,0.16842105263157894,9.993757671255063,46.77972891232381,0.21363436479047815,0.8313154224398728,0.04563964181943109,0.9829623026084109,1.0
100034817|F|0-14:G>A-14:G>A,,,0.22043010752688172,9.042652366640205,42.36521154425596,0.21344523105222737,0.8314624820750702,0.045558866658938726,0.9829623026084109,1.0
100016325|F|0-60:C>T-60:C>T,Vu09 (old8),1016914.0,0.24736842105263157,-10.064608269262164,47.35308685728396,-0.21254386856754626,0.8321634126093588,0.04517489606565838,0.9829623026084109,1.0
100029488|F|0-5:C>T-5:C>T,,,0.23684210526315788,10.52596328119066,49.609136142290396,0.21217791922439003,0.8324480261989543,0.04501946940639178,0.9829623026084109,1.0
100014028|F|0-53:G>A-53:G>A,,,0.1368421052631579,13.347404552208808,62.96036346880754,0.21199694247034506,0.8325887873886723,0.04494270361677479,0.9829623026084109,1.0
100016593|F|0-53:A>T-53:A>T,,,0.37894736842105264,-8.901163163265458,42.434660801371265,-0.20976161927934675,0.8343278391659097,0.04399993692269361,0.9829623026084109,1.0
100030726|F|0-25:C>G-25:C>G,,,0.24210526315789474,-11.231384832971223,53.65688018376157,-0.20931863340743073,0.8346725744220522,0.04381429029155438,0.9829623026084109,1.0
100020933|F|0-51:T>C-51:T>C,,,0.35789473684210527,9.33773329394442,44.64396559714096,0.20916003247127352,0.8347960068348901,0.04374791918338419,0.9829623026084109,1.0
100016790|F|0-63:A>T-63:A>T,,,0.24736842105263157,9.225519651018566,44.174765781921735,0.20884139367172502,0.8350440024657452,0.04361472771074843,0.9829623026084109,1.0
100017564|F|0-8:A>T-8:A>T,Vu07 (old2),38265563.0,0.07894736842105263,-12.956255952905634,62.20966438886839,-0.20826757514583197,0.8354906457656774,0.043375382857124764,0.9829623026084109,1.0
100017422|F|0-41:T>A-41:T>A,,,0.13157894736842105,11.055270046587836,53.17681572147528,0.20789642810679246,0.8357795643391885,0.043220924819562724,0.9829623026084109,1.0
100015006|F|0-61:G>T-61:G>T,,,0.29473684210526313,8.289351109931783,40.1875197314984,0.2062668003727214,0.8370484104998847,0.0425459929360001,0.9829623026084109,1.0
100015679|F|0-19:G>A-19:G>A,,,0.07368421052631578,12.699365040605636,61.68725253603276,0.2058669257994216,0.8373598232582781,0.042381191138104554,0.9829623026084109,1.0
100021416|F|0-50:T>G-50:T>G,,,0.4473684210526316,7.77224958494779,37.884790976730734,0.20515487573157243,0.8379144149437388,0.042088523036436926,0.9829623026084109,1.0
100021048|F|0-66:C>T-66:C>T,,,0.4368421052631579,-9.394456881991568,45.86047220435345,-0.20484867316956604,0.8381529309432976,0.041962978899331684,0.9829623026084109,1.0
100028764|F|0-26:A>T-26:A>T,,,0.4368421052631579,8.525491237571776,41.791568827212274,0.20400026792055878,0.8388138737862135,0.041616109311659766,0.9829623026084109,1.0
100021961|F|0-53:A>T-53:A>T,,,0.2631578947368421,8.44904581905586,41.57787688217003,0.20321013126764753,0.8394295269696198,0.041294357449814544,0.9829623026084109,1.0
100028469|F|0-24:A>G-24:A>G,,,0.14736842105263157,-10.729128706447668,53.55457440384149,-0.2003400984114265,0.8416666170352696,0.04013615503150005,0.9829623026084109,1.0
100018213|F|0-23:A>G-23:A>G,,,0.24468085106382978,-6.677316304069748,33.384913512407195,-0.20000999258506946,0.8419240066850596,0.04000399713387954,0.9829623026084109,1.0
100049389|F|0-23:C>A-23:C>A,,,0.31382978723404253,9.35642799800885,46.82572267560367,0.19981385151976683,0.8420769496564995,0.039925575259163425,0.9829623026084109,1.0
100014274|F|0-12:C>T-12:C>T,,,0.07894736842105263,-13.69115627377315,68.81684299090072,-0.1989506591516187,0.8427501045204138,0.03958136477686356,0.9829623026084109,1.0
100034562|F|0-29:C>T-29:C>T,,,0.35789473684210527,9.641362818100367,48.72113743678138,0.19788870550509247,0.8435784223040595,0.03915993976648122,0.9829623026084109,1.0
100049995|F|0-28:T>A-28:T>A,,,0.09473684210526316,-12.257184395091837,62.35552985811269,-0.19656932469313515,0.844607776797528,0.03863949941031519,0.9829623026084109,1.0
100015319|F|0-34:T>A-34:T>A,,,0.06315789473684211,13.844871765394766,71.96286574603562,0.1923891109930884,0.8478708694095823,0.037013570028710883,0.9829623026084109,1.0
100041050|F|0-49:T>A-49:T>A,,,0.34210526315789475,7.008112997863244,36.46144654063687,0.19220611530188714,0.8480137776502514,0.03694319075944233,0.9829623026084109,1.0
100022113|F|0-34:G>C-34:G>C,,,0.05789473684210526,13.386215815534806,69.66001500815433,0.19216498609665572,0.8480458976980418,0.03692738188152789,0.9829623026084109,1.0
100032755|F|0-61:C>T-61:C>T,Vu11 (old9),32264867.0,0.09473684210526316,11.102131749287366,57.79450194594727,0.19209667659513213,0.8480992448939884,0.03690113315889478,0.9829623026084109,1.0
100028871|F|0-35:G>C-35:G>C,,,0.5,-7.7937937211245,40.830910923335566,-0.19087974147229259,0.8490497445953366,0.03643507570452925,0.9829623026084109,1.0
100034576|F|0-39:C>T-39:C>T,,,0.35789473684210527,6.787823258047849,35.82721271754488,0.1894599870651896,0.8501589403621691,0.03589508669874181,0.9829623026084109,1.0
100015812|F|0-66:A>T-66:A>T,,,0.46842105263157896,8.038675458963827,42.57069460963044,0.18883120260728137,0.8506502803090721,0.035657223078112144,0.9829623026084109,1.0
100022067|F|0-14:T>C-14:T>C,Vu06 (old6),22313672.0,0.1,10.783117187022468,57.18153285863379,0.1885769171959918,0.8508489988282898,0.035561253699143945,0.9829623026084109,1.0
100033363|F|0-51:C>T-51:C>T,,,0.08947368421052632,11.787445880463242,62.69804784223202,0.18800339541869243,0.8512972289645727,0.03534527668895722,0.9829623026084109,1.0
100021054|F|0-18:A>G-18:A>G,,,0.3010752688172043,6.662090560306786,35.45091571229698,0.18792435756450385,0.8513590040321943,0.035315564166031495,0.9829623026084109,1.0
100018689|F|0-30:A>C-30:A>C,,,0.12105263157894737,9.14541463180097,48.71081816230747,0.18774914848130617,0.8514959487199437,0.03524974275545555,0.9829623026084109,1.0
100020903|F|0-13:G>T-13:G>T,,,0.25263157894736843,-7.908598515713315,42.66367314186072,-0.18537078346293537,0.8533553447380804,0.034362327361662476,0.9829623026084109,1.0
100033353|F|0-46:A>T-46:A>T,,,0.06914893617021277,11.641495788344553,63.295294040930386,0.1839235596380434,0.8544871846170369,0.033827875789928914,0.9829623026084109,1.0
100014515|F|0-36:T>C-36:T>C,,,0.3894736842105263,6.621197524977091,36.19068401469307,0.1829530915273375,0.8552463357352703,0.03347183369941033,0.9829623026084109,1.0
100020292|F|0-58:T>C-58:T>C,Vu07 (old2),39103737.0,0.3105263157894737,8.50859295172212,46.897241870022064,0.18143056206384353,0.8564376125167753,0.032917048850802176,0.9829623026084109,1.0
100056174|F|0-11:G>A-11:G>A,,,0.11052631578947368,11.025151057099427,60.78278887466927,0.18138606768821802,0.8564724313854247,0.03290090555139481,0.9829623026084109,1.0
100017864|F|0-18:T>C-18:T>C,,,0.18421052631578946,8.411003291056506,46.76435525225521,0.17985928055002717,0.8576673832640825,0.03234936079997338,0.9829623026084109,1.0
100041314|F|0-40:C>T-40:C>T,,,0.45263157894736844,6.916512391315127,38.51803446418299,0.17956555903044918,0.8578973048352928,0.03224378998991773,0.9829623026084109,1.0
100030808|F|0-36:G>C-36:G>C,,,0.15263157894736842,-8.901691131732633,49.79625250674094,-0.17876226992237232,0.8585261721525173,0.0319559491477991,0.9829623026084109,1.0
100019661|F|0-30:A>T-30:A>T,,,0.3631578947368421,6.620903040996703,37.16783508726817,0.17813528889834884,0.8590170774042646,0.0317321811508982,0.9829623026084109,1.0
100033819|F|0-67:C>G-67:C>G,,,0.32105263157894737,7.588419727447481,42.63242000448289,0.17799645731228822,0.8591257854116414,0.03168273881572524,0.9829623026084109,1.0
100020171|F|0-10:G>A-10:G>A,,,0.08421052631578947,-11.108709762648715,62.787770899558055,-0.17692473555749222,0.8599650569731799,0.03130236205208855,0.9829623026084109,1.0
100015005|F|0-68:T>A-68:T>A,,,0.3684210526315789,7.59128134563841,42.95582294886623,0.176722987118066,0.8601230653736858,0.03123101417593212,0.9829623026084109,1.0
100016359|F|0-20:G>C-20:G>C,Vu08 (old5),32438045.0,0.06315789473684211,10.603730915328713,60.068805455864265,0.1765264155805435,0.8602770247267368,0.03116157539771475,0.9829623026084109,1.0
100018369|F|0-55:T>C-55:T>C,,,0.3157894736842105,7.432734457918826,42.21595745258374,0.17606457146606588,0.8606387729059861,0.03099873332552942,0.9829623026084109,1.0
100016297|F|0-36:A>G-36:A>G,,,0.5,-6.711879472204975,38.25740212049563,-0.1754400220659317,0.861128010368584,0.030779201342494605,0.9829623026084109,1.0
100036188|F|0-25:T>C-25:T>C,,,0.26842105263157895,9.480304608537667,54.185969417286906,0.17495866015664882,0.8615051196546688,0.030610532763809737,0.9829623026084109,1.0
100038514|F|0-16:A>T-16:A>T,,,0.35789473684210527,8.576593276165532,49.1594080787754,0.17446494193790915,0.8618919424884791,0.03043801596539801,0.9829623026084109,1.0
100015370|F|0-45:C>T-45:C>T,Vu06 (old6),29854679.0,0.07894736842105263,11.155880412689571,64.0614280932275,0.17414348609985103,0.8621438177367439,0.030325953751009008,0.9829623026084109,1.0
100030380|F|0-14:C>T-14:C>T,,,0.06842105263157895,-12.718890449419124,73.64626317276338,-0.17270245497157763,0.863273105855689,0.0298261379532098,0.9829623026084109,1.0
100041269|F|0-22:G>C-22:G>C,,,0.06842105263157895,-12.718890449419124,73.64626317276338,-0.17270245497157763,0.863273105855689,0.0298261379532098,0.9829623026084109,1.0
100021519|F|0-20:C>T-20:C>T,,,0.3894736842105263,6.53568817307746,38.051626227191115,0.17175844559324396,0.8640130487413376,0.029500963632607347,0.9829623026084109,1.0
100013943|F|0-53:A>T-53:A>T,,,0.06315789473684211,12.496711360818551,73.39176611685009,0.1702740242130434,0.8651768278182416,0.028993243321704096,0.9829623026084109,1.0
100036044|F|0-63:T>G-63:T>G,,,0.08421052631578947,10.200156930003534,60.77488812522196,0.16783505893070338,0.8670896091323397,0.02816860700627268,0.9829623026084109,1.0
100021278|F|0-44:C>G-44:C>G,Vu09 (old8),41151722.0,0.10638297872340426,-7.373369986147913,44.023028555253354,-0.16748893086475383,0.8673611277032506,0.028052541962218288,0.9829623026084109,1.0
100019651|F|0-27:G>T-27:G>T,Vu05 (old1),41749633.0,0.06842105263157895,-11.602174018714232,69.51847108801749,-0.16689340023063357,0.8678283261933807,0.02785340704054244,0.9829623026084109,1.0
100057366|F|0-5:C>T-5:C>T,,,0.25263157894736843,-7.6505098890130085,46.018569081842024,-0.16624832196339936,0.8683344481473108,0.027638504555646096,0.9829623026084109,1.0
100033254|F|0-20:A>G-20:A>G,,,0.23684210526315788,6.768267554673225,40.748510115629315,0.16609852815397094,0.8684519827285982,0.02758872105491548,0.9829623026084109,1.0
100018913|F|0-12:G>A-12:G>A,,,0.35789473684210527,6.367998583043445,38.468394426518735,0.16553845508700446,0.8688914659977169,0.027402980112592193,0.9829623026084109,1.0
100033683|F|0-28:G>C-28:G>C,,,0.2,9.946239195443338,60.731660197281414,0.1637735435378164,0.8702766417375636,0.026821773562933044,0.9829623026084109,1.0
100039244|F|0-37:G>C-37:G>C,,,0.35789473684210527,-8.147492008644734,49.76857318622571,-0.16370756658339747,0.8703284310609684,0.026800167356657516,0.9829623026084109,1.0
100013876|F|0-55:T>G-55:T>G,Vu07 (old2),26537890.0,0.28421052631578947,-6.5059942293581585,39.80962250380164,-0.16342767954498602,0.8705481377009814,0.026708606441458643,0.9829623026084109,1.0
100045520|F|0-63:C>T-63:C>T,,,0.22631578947368422,8.058548334903518,49.397691410251646,0.16313613257706017,0.8707770079923953,0.02661339775220015,0.9829623026084109,1.0
100044743|F|0-7:G>A-7:G>A,,,0.08522727272727273,-12.16102067299119,75.0420135161578,-0.16205616165100262,0.8716249028271721,0.026262199529055893,0.9829623026084109,1.0
100015076|F|0-33:T>C-33:T>C,,,0.38421052631578945,-7.638849260820136,47.20902996283159,-0.16180907057048877,0.8718189173674108,0.026182175318885413,0.9829623026084109,1.0
100015188|F|0-39:T>C-39:T>C,,,0.14210526315789473,8.577456686634436,53.049670501830754,0.16168727544383948,0.8719145531082916,0.02614277504045202,0.9829623026084109,1.0
100018713|F|0-51:T>A-51:T>A,,,0.4473684210526316,6.793272817948388,42.43651723718323,0.16008082802789636,0.8731761423535975,0.025625871502096928,0.9829623026084109,1.0
100017989|F|0-62:A>T-62:A>T,,,0.05789473684210526,-11.409698614745482,71.44902631023352,-0.15969005043125817,0.8734830809302908,0.025500912206737777,0.9829623026084109,1.0
100019924|F|0-12:A>T-12:A>T,,,0.08947368421052632,-10.196928109108493,64.17638352907153,-0.15888910450195973,0.8741122491131328,0.02524574752943468,0.9829623026084109,1.0
100040928|F|0-53:C>A-53:C>A,,,0.41578947368421054,6.551053349977905,41.38907373386403,0.15827977673774113,0.874590949441314,0.025052487724149176,0.9829623026084109,1.0
100017082|F|0-22:G>A-22:G>A,,,0.25263157894736843,6.704709698451711,42.4708876615163,0.15786601287655636,0.8749160373920974,0.024921678021541056,0.9829623026084109,1.0
100033853|F|0-49:A>G-49:A>G,Vu06 (old6),26071343.0,0.47368421052631576,-6.577478627548575,41.848803968316396,-0.15717243992273625,0.8754610151960316,0.024703175871266133,0.9829623026084109,1.0
100013340|F|0-36:T>A-36:T>A,,,0.4473684210526316,-6.026806278010941,38.441347054028185,-0.15677926867496192,0.8757699778106288,0.024579739086255895,0.9829623026084109,1.0
100016501|F|0-17:C>T-17:C>T,,,0.39473684210526316,-6.376935647954935,41.01265016511247,-0.15548704173668576,0.8767855735277236,0.02417622014802586,0.9829623026084109,1.0
100017598|F|0-46:C>G-46:C>G,,,0.43157894736842106,-6.764084571367003,43.910366702541474,-0.15404299893891588,0.8779207293806957,0.02372924552209484,0.9829623026084109,1.0
100028946|F|0-30:A>G-30:A>G,,,0.3368421052631579,-6.722118331231907,43.786056100662655,-0.15352189554998938,0.8783304293244641,0.02356897241326185,0.9829623026084109,1.0
100028785|F|0-15:C>T-15:C>T,,,0.14210526315789473,7.449408049446735,48.677219790799995,0.15303684313652346,0.8787118151824833,0.02342027535719289,0.9829623026084109,1.0
100029346|F|0-46:T>A-46:T>A,,,0.20430107526881713,6.570605736086324,43.11679505836534,0.15239086595355658,0.8792197770063533,0.02322297602607485,0.9829623026084109,1.0
100019999|F|0-68:T>C-68:T>C,,,0.21505376344086022,-7.043826785158846,46.22572051045929,-0.15237895066589757,0.879229147025196,0.023219344606040047,0.9829623026084109,1.0
100015598|F|0-56:T>C-56:T>C,,,0.33157894736842103,-6.205924845223682,40.932312698719606,-0.15161432218360357,0.8798304762831679,0.022986902691193547,0.9829623026084109,1.0
100044127|F|0-8:G>A-8:G>A,,,0.06315789473684211,13.732289419808017,90.6920218187999,0.15141673042910814,0.8799858804801648,0.0229270262538412,0.9829623026084109,1.0
100038558|F|0-29:G>A-29:G>A,,,0.08947368421052632,9.691960524991146,64.42940496047834,0.15042759638919984,0.8807638963367789,0.022628461755432008,0.9829623026084109,1.0
100014119|F|0-65:C>G-65:C>G,Vu07 (old2),13031414.0,0.06315789473684211,-10.864446855590081,72.38096080769868,-0.15010089302979385,0.8810208947326172,0.022530278088341616,0.9829623026084109,1.0
100043120|F|0-10:T>G-10:T>G,,,0.06315789473684211,-10.864446855590081,72.38096080769868,-0.15010089302979385,0.8810208947326172,0.022530278088341616,0.9829623026084109,1.0
100014336|F|0-17:A>G-17:A>G,,,0.3631578947368421,-6.211313833695974,41.96986272675937,-0.14799461876094563,0.8826780819746116,0.02190240718219764,0.9840759319477581,1.0
100016869|F|0-59:G>C-59:G>C,,,0.1368421052631579,7.597454183218632,51.59206224824005,0.1472601375510591,0.8832560847400368,0.021685548111556846,0.9840759319477581,1.0
100014668|F|0-30:A>T-30:A>T,,,0.26842105263157895,6.475089651627013,44.516728510558586,0.14545295371584271,0.8846785233101205,0.021156561744663082,0.9846902151466205,1.0
100015226|F|0-25:T>A-25:T>A,,,0.23684210526315788,7.005570462211148,48.74485948836191,0.14371916414865787,0.8860435484424118,0.020655198143588866,0.9846902151466205,1.0
100040569|F|0-37:C>T-37:C>T,,,0.07368421052631578,9.764827141541014,67.97448476389498,0.14365430169067872,0.8860946218254935,0.02063655839423654,0.9846902151466205,1.0
100029559|F|0-31:T>C-31:T>C,,,0.07368421052631578,-9.911545923304756,69.11096174207236,-0.14341496158446526,0.8862830849088376,0.020567851206273646,0.9846902151466205,1.0
100014308|F|0-20:G>A-20:G>A,,,0.48947368421052634,6.124826753681041,43.520272592769814,0.1407350273513356,0.8883937840443795,0.019806347923581182,0.9857181551951483,1.0
100015143|F|0-64:A>T-64:A>T,,,0.16842105263157894,-6.60486200969168,47.341791086833055,-0.13951440911006552,0.8893554028893477,0.019464270349330733,0.9857181551951483,1.0
100014559|F|0-31:C>A-31:C>A,,,0.1,7.698185650282359,55.297421999168705,0.13921418706279087,0.8895919471253285,0.01938058987955373,0.9857181551951483,1.0
100046183|F|0-19:T>A-19:T>A,,,0.07894736842105263,9.075870584242153,65.55643644776777,0.13844362317456613,0.8901991182726268,0.019166636797701263,0.9857181551951483,1.0
100060605|F|0-5:C>T-5:C>T,,,0.07446808510638298,8.901558541395383,64.38270411942528,0.13826009117112623,0.8903437432535773,0.019115852810648135,0.9857181551951483,1.0
100036101|F|0-41:G>C-41:G>C,,,0.4631578947368421,5.237808597070247,38.359671337314346,0.13654466825358777,0.8916956917234596,0.01864444642848234,0.9857181551951483,1.0
100033264|F|0-61:C>T-61:C>T,,,0.07368421052631578,-8.560987964357874,62.95698517381525,-0.1359815426472886,0.8921395687764229,0.01849097994073637,0.9857181551951483,1.0
100032835|F|0-6:G>C-6:G>C,,,0.3722222222222222,7.859540366814288,57.812172353667904,0.13594957682498568,0.8921647664871235,0.018482287438892683,0.9857181551951483,1.0
100041313|F|0-65:C>T-65:C>T,Vu03 (old3),62938472.0,0.14210526315789473,6.77491620620046,50.6969242530112,0.13363564567327882,0.8939890622782493,0.017858485794514125,0.9863870988697092,1.0
100034454|F|0-32:T>C-32:T>C,Vu05 (old1),11968566.0,0.19473684210526315,-6.49539981029548,48.61503653009274,-0.13360886412735334,0.8940101801194976,0.01785132857340157,0.9863870988697092,1.0
100032847|F|0-25:A>T-25:A>T,,,0.3684210526315789,-4.861742971640723,36.83010946206017,-0.13200457567602275,0.8952753358483971,0.017425207999406816,0.9870984472174634,1.0
100032869|F|0-50:G>A-50:G>A,,,0.09550561797752809,-8.947196294875141,68.77205850216758,-0.1300992945353401,0.896778208629143,0.016925826438593177,0.9878692422907477,1.0
100028703|F|0-9:T>G-9:T>G,,,0.45789473684210524,4.9916553727326605,38.82419754771383,0.12857072877290146,0.8979842034429402,0.016530432297194992,0.9878692422907477,1.0
100033896|F|0-41:A>G-41:A>G,,,0.4883720930232558,-4.4281649076419995,34.73438482590778,-0.12748649299063178,0.8988397799993987,0.016252805895050404,0.9878692422907477,1.0
100036126|F|0-34:T>C-34:T>C,,,0.3,4.677732970318696,36.72195711408361,0.12738245284112845,0.898921884969543,0.016226289291822314,0.9878692422907477,1.0
100015115|F|0-13:C>T-13:C>T,,,0.2894736842105263,5.240899187589763,41.207419336605746,0.12718338765111942,0.899078983555627,0.016175614094414915,0.9878692422907477,1.0
100029330|F|0-22:A>G-22:A>G,,,0.06842105263157895,8.82603046730782,70.9230935803346,0.12444508582117297,0.9012404063947987,0.015486579385039107,0.9879323506836691,1.0
100044894|F|0-55:A>G-55:A>G,,,0.15789473684210525,-7.069184780211468,57.014879588637044,-0.12398841900948858,0.9016009399429605,0.015373128048472509,0.9879323506836691,1.0
100016088|F|0-16:G>A-16:G>A,,,0.38421052631578945,-4.565334522584238,36.92236432302844,-0.1236468629864216,0.9018706082529305,0.015288546726382914,0.9879323506836691,1.0
100018194|F|0-8:A>C-8:A>C,Vu02 (old7),25429826.0,0.17553191489361697,5.444862519567731,44.37337431065172,0.12270562255304314,0.9026138041503774,0.015056669806129888,0.9879323506836691,1.0
100044383|F|0-11:A>T-11:A>T,,,0.24210526315789474,-5.413185993813482,44.12003379643641,-0.12269224495133335,0.9026243676244071,0.015053386971197985,0.9879323506836691,1.0
100034117|F|0-6:C>A-6:C>A,,,0.28421052631578947,4.803838815271426,39.24988487113145,0.122391156841448,0.9028621231263702,0.014979595272987922,0.9879323506836691,1.0
100015160|F|0-27:A>C-27:A>C,,,0.15263157894736842,-7.55774433745317,62.6862229435511,-0.12056467884911351,0.9043045982775589,0.014535841785989878,0.9885244058125768,1.0
100018346|F|0-11:A>C-11:A>C,,,0.3526315789473684,-5.848387435116515,48.68274651892763,-0.12013265177721,0.9046458421515473,0.014431854023024396,0.9885244058125768,1.0
100017892|F|0-32:A>G-32:A>G,,,0.4105263157894737,4.7185248337,39.88856373210846,0.11829267319298852,0.9060993800329156,0.013993156531143183,0.9888309640825148,1.0
100033857|F|0-15:C>A-15:C>A,Vu03 (old3),47106161.0,0.08421052631578947,-7.010308242936777,59.30684944843405,-0.11820402378703457,0.9061694190020784,0.013972191239445833,0.9888309640825148,1.0
100047453|F|0-65:G>T-65:G>T,,,0.3829787234042553,4.216251556616874,36.60323379117749,0.11518795253639916,0.9085527557761393,0.013268264409527745,0.9902598755684611,1.0
100038463|F|0-13:A>C-13:A>C,,,0.1736842105263158,-5.100581319332861,45.123062322539454,-0.11303712684378395,0.9102528774879672,0.012777392045097702,0.9902598755684611,1.0
100051719|F|0-44:C>T-44:C>T,,,0.4842105263157895,-4.6008504910718555,41.63721765268757,-0.11049850951735925,0.9122600665110947,0.012209920605557933,0.9902598755684611,1.0
100013415|F|0-20:G>A-20:G>A,Vu07 (old2),385652.0,0.1631578947368421,5.216960656363141,47.80812160688728,0.10912289546242245,0.9133479513398953,0.011907806314102777,0.9902598755684611,1.0
100033949|F|0-43:T>C-43:T>C,,,0.4842105263157894,-4.2786032989459395,39.29618358326322,-0.10888088635580008,0.9135393579402252,0.011855047413624652,0.9902598755684611,1.0
100018976|F|0-8:C>T-8:C>T,Vu03 (old3),2426825.0,0.10106382978723405,-6.141381657186809,56.86044651487464,-0.10800797449911388,0.9142297919755359,0.011665722555401235,0.9902598755684611,1.0
100015904|F|0-54:T>C-54:T>C,,,0.1,-6.659869622279744,62.58616163477492,-0.10641121692593626,0.9154929253564821,0.011323347087658664,0.9902598755684611,1.0
100029213|F|0-12:G>A-12:G>A,,,0.4789473684210527,-3.7785972160040804,35.513751965589485,-0.10639814175830521,0.9155032695178312,0.011320564569620412,0.9902598755684611,1.0
100044656|F|0-38:C>T-38:C>T,,,0.13888888888888887,-4.796623866347025,45.32417496642149,-0.10582925932795498,0.9159533437106626,0.011199832129903546,0.9902598755684611,1.0
100021507|F|0-53:A>C-53:A>C,,,0.11052631578947368,5.486097812315994,51.840997574661046,0.1058254676603195,0.9159563435996273,0.011199029605525329,0.9902598755684611,1.0
100013542|F|0-30:C>G-30:C>G,,,0.12105263157894737,-5.779626119765534,54.864206664882936,-0.10534420291663331,0.9163371201703451,0.011097401088140814,0.9902598755684611,1.0
100018345|F|0-65:A>C-65:A>C,,,0.07368421052631578,7.897193378166628,75.60144363352616,0.10445823516873354,0.9170381486507438,0.01091152289456644,0.9902598755684611,1.0
100048883|F|0-64:T>A-64:T>A,,,0.15789473684210525,5.61292748949342,54.086864311568114,0.10377616748421715,0.9175778844257417,0.01076949293771229,0.9902598755684611,1.0
100016173|F|0-32:C>T-32:C>T,,,0.30526315789473685,-5.359358194560025,51.70232929066744,-0.10365796412053371,0.917671425387684,0.010744973525613854,0.9902598755684611,1.0
100020033|F|0-7:G>A-7:G>A,,,0.47368421052631576,-4.845507478808316,46.91559937061418,-0.10328137216218373,0.9179694514802675,0.010667041835703502,0.9902598755684611,1.0
100015889|F|0-55:C>G-55:C>G,Vu04 (old11),34569598.0,0.46842105263157896,-3.7389529568002478,36.225011130215776,-0.10321468069009193,0.9180222307785146,0.010653270309957635,0.9902598755684611,1.0
100020025|F|0-58:A>C-58:A>C,,,0.32105263157894737,-4.502573688868515,43.643516136084486,-0.10316707010565046,0.9180599097821999,0.010643444354184196,0.9902598755684611,1.0
100058916|F|0-28:C>T-28:C>T,,,0.12631578947368421,5.931714584338207,58.54452359491689,0.10131971737239016,0.9195220478854998,0.01026568512842102,0.9904939595029317,1.0
100058913|F|0-33:A>C-33:A>C,,,0.12631578947368421,5.931714584338207,58.54452359491689,0.10131971737239016,0.9195220478854998,0.01026568512842102,0.9904939595029317,1.0
100046294|F|0-6:C>G-6:C>G,,,0.46808510638297873,3.843643406399909,40.01381641732668,0.09605790575716103,0.9236881529855158,0.00922712125845163,0.9916946140302615,1.0
100013040|F|0-46:A>G-46:A>G,,,0.09473684210526316,-5.705534255593663,61.56461858427972,-0.09267553973038904,0.9263673151826113,0.008588755664318918,0.9916946140302615,1.0
100022245|F|0-8:T>C-8:T>C,,,0.37894736842105264,3.3294938423556673,36.71911033589261,0.09067468715605335,0.9279525863574015,0.008221898890848147,0.9916946140302615,1.0
100019028|F|0-68:T>A-68:T>A,Vu03 (old3),64483291.0,0.07368421052631578,-6.067254342708371,67.98481292775813,-0.08924426031966204,0.9290860890868704,0.007964538000003605,0.9916946140302615,1.0
100058976|F|0-14:G>A-14:G>A,,,0.05263157894736842,7.780238213397197,87.27121292809508,0.08915010978256402,0.9291607012690779,0.007947742074243216,0.9916946140302615,1.0
100016572|F|0-65:A>T-65:A>T,,,0.20526315789473684,-3.790505621952066,43.06327026817107,-0.08802177814985188,0.930054927773894,0.0077478334286617415,0.9916946140302615,1.0
100021285|F|0-67:T>C-67:T>C,,,0.06315789473684211,5.541365370035594,64.34298670328202,0.0861222901509006,0.9315605141240335,0.007417048860835911,0.9916946140302615,1.0
100048863|F|0-39:A>G-39:A>G,,,0.07446808510638298,6.394566230813411,75.55572210236507,0.08463377826168968,0.9327405238385231,0.007162876422848856,0.9916946140302615,1.0
100030265|F|0-5:T>C-5:T>C,,,0.3263157894736842,3.3763380229576314,40.209510876672105,0.08396864197909065,0.9332678557573709,0.007050732835812705,0.9916946140302615,1.0
100014778|F|0-65:A>G-65:A>G,Vu03 (old3),51500985.0,0.4263157894736842,-2.9794263468057265,36.181771535883776,-0.08234606047000322,0.9345543917968895,0.006780873674929426,0.9916946140302615,1.0
100014058|F|0-63:C>T-63:C>T,,,0.1,-5.017350368457066,61.02713273982444,-0.08221507619975232,0.9346582561383597,0.006759318754531081,0.9916946140302615,1.0
100034680|F|0-38:A>C-38:A>C,,,0.1,-5.017350368457066,61.02713273982444,-0.08221507619975232,0.9346582561383597,0.006759318754531081,0.9916946140302615,1.0
100029165|F|0-15:A>T-15:A>T,,,0.3263157894736842,3.5705569784657256,43.542965131234226,0.08200077711070933,0.9348281876348997,0.006724127446760231,0.9916946140302615,1.0
100038720|F|0-23:G>A-23:G>A,,,0.47368421052631576,-3.3886202976362263,41.6653284733094,-0.08132949917356248,0.9353605064832726,0.006614487435822501,0.9916946140302615,1.0
100019852|F|0-38:G>A-38:G>A,,,0.4789473684210526,-3.1388459799078867,38.86014105206513,-0.08077289209275992,0.9358019144141693,0.006524260097028638,0.9916946140302615,1.0
100016880|F|0-51:C>A-51:C>A,,,0.06315789473684211,-5.579240906660518,69.6617241697143,-0.08009047971692486,0.9363431174946251,0.006414484941287152,0.9916946140302615,1.0
100034038|F|0-64:A>C-64:A>C,,,0.37894736842105264,-3.222988543392208,40.4982791838133,-0.07958334547410596,0.9367453315408851,0.006333508876850902,0.9916946140302615,1.0
100036118|F|0-16:G>C-16:G>C,,,0.22580645161290325,3.3825843296621065,43.04394823083908,0.07858443448360611,0.9375376273307746,0.00617551334310818,0.9916946140302615,1.0
100021889|F|0-32:T>A-32:T>A,,,0.16842105263157894,-3.84770014919404,49.379291456204676,-0.07792133171061456,0.9380636084028696,0.006071733935555627,0.9916946140302615,1.0
100038883|F|0-23:A>G-23:A>G,,,0.41578947368421054,3.3205086618756616,42.83391044019118,0.07752055854232769,0.9383815198237779,0.006009436996714454,0.9916946140302615,1.0
100040576|F|0-20:T>A-20:T>A,,,0.08510638297872339,4.382641489412768,56.94590022077242,0.07696149279266448,0.9388250127565737,0.005923071372875347,0.9916946140302615,1.0
100021415|F|0-54:A>G-54:A>G,,,0.2,3.829053036094156,50.776865175638186,0.0754094019559771,0.9400563484532366,0.0056865779033581235,0.9916946140302615,1.0
100020867|F|0-34:T>C-34:T>C,,,0.24736842105263157,3.731564930313464,49.63696962914016,0.0751771302356619,0.9402406315005943,0.005651600910469671,0.9916946140302615,1.0
100018381|F|0-53:C>A-53:C>A,Vu07 (old2),28235227.0,0.20526315789473684,-3.148307736430037,42.205195422823245,-0.07459526498786287,0.9407022943041963,0.00556445355860948,0.9916946140302615,1.0
100029185|F|0-30:A>G-30:A>G,,,0.10526315789473684,4.163681415201674,56.04993605919074,0.07428521257909514,0.9409483039861817,0.005518292807921354,0.9916946140302615,1.0
100048218|F|0-16:G>A-16:G>A,,,0.15263157894736842,-3.845598491477091,52.205979318122445,-0.07366203147044796,0.9414427815241317,0.005426094880353266,0.9916946140302615,1.0
100016381|F|0-40:C>G-40:C>G,Vu08 (old5),3031274.0,0.2736842105263158,2.841521228647603,38.92420057002313,0.07300140239324417,0.9419669980794318,0.005329204751380355,0.9916946140302615,1.0
100017594|F|0-13:G>T-13:G>T,,,0.43157894736842106,2.8878102013590685,40.3396520834078,0.0715873849231055,0.9430891223583726,0.005124753680128873,0.9916946140302615,1.0
100044399|F|0-36:G>A-36:G>A,,,0.35789473684210527,3.017157152478034,42.51395489989464,0.07096863040811832,0.9435801847015044,0.0050365465020040965,0.9916946140302615,1.0
100019141|F|0-40:G>A-40:G>A,,,0.1631578947368421,3.1142191747557826,44.22598604997766,0.07041604841182181,0.944018748962874,0.004958419873936032,0.9916946140302615,1.0
100021067|F|0-49:G>A-49:G>A,Vu03 (old3),51946113.0,0.4421052631578948,2.621779069650182,37.75764228069166,0.06943704403362326,0.9447957914596528,0.004821503084127336,0.9916946140302615,1.0
100018697|F|0-15:T>C-15:T>C,,,0.22631578947368422,2.990273260336352,43.65935852293032,0.06849100310912337,0.9455467213863306,0.004691017506893947,0.9916946140302615,1.0
100034834|F|0-45:G>A-45:G>A,,,0.14210526315789473,3.39948826353128,49.91767602072992,0.06810189364824462,0.9458555954275383,0.004637867918476821,0.9916946140302615,1.0
100013478|F|0-51:G>A-51:G>A,,,0.43157894736842106,2.531097785514593,37.18169616773777,0.06807375796133809,0.9458779297813559,0.004634036522978841,0.9916946140302615,1.0
100052578|F|0-7:G>A-7:G>A,,,0.12631578947368421,-4.757907716195797,70.36254798744196,-0.06761988944807643,0.9462382205320488,0.004572449448970077,0.9916946140302615,1.0
100019249|F|0-36:C>A-36:C>A,,,0.45263157894736844,-2.934543869142236,43.553064253429554,-0.06737858562755794,0.9464297773382374,0.004539873801170158,0.9916946140302615,1.0
100045252|F|0-36:A>T-36:A>T,,,0.28421052631578947,2.6310290751998675,39.39790393687879,0.0667809404128494,0.9469042259984078,0.0044596940024245425,0.9916946140302615,1.0
100038818|F|0-32:G>T-32:G>T,,,0.15789473684210525,2.995609785968997,47.583643476681274,0.0629546114398957,0.949942254914293,0.003963283101548246,0.9916946140302615,1.0
100015053|F|0-21:C>T-21:C>T,,,0.39361702127659576,2.2156405878343226,35.238812632336504,0.06287500691215585,0.9500054673352415,0.0039532664942036454,0.9916946140302615,1.0
100049169|F|0-65:G>T-65:G>T,,,0.3684210526315789,2.655418672252062,42.276761211296986,0.06281036191444331,0.950056800917153,0.00394514156382335,0.9916946140302615,1.0
100022286|F|0-67:T>G-67:T>G,,,0.10526315789473684,-3.3096730111933823,53.65330410211445,-0.061686285058872074,0.9509494462755839,0.003805197764364424,0.9916946140302615,1.0
100015778|F|0-37:G>T-37:G>T,Vu04 (old11),1978178.0,0.4736842105263158,2.6053056243535955,42.41621598335907,0.06142239622166487,0.951159013252957,0.003772710757611191,0.9916946140302615,1.0
100035739|F|0-60:C>T-60:C>T,,,0.28421052631578947,-2.7251370853911987,44.85009706030819,-0.06076100753420472,0.9516842692785507,0.003691900036571683,0.9916946140302615,1.0
100030431|F|0-51:C>T-51:C>T,,,0.1,3.388976745326793,57.00050311539888,0.0594552075876546,0.9527213607843347,0.0035349217092911014,0.9916946140302615,1.0
100014994|F|0-36:G>A-36:G>A,Vu09 (old8),3414321.0,0.4368421052631579,-2.22582512942125,38.15594164272909,-0.05833495475652606,0.9536111521398749,0.0034029669464459423,0.9916946140302615,1.0
100015009|F|0-50:G>A-50:G>A,,,0.3263157894736842,2.3626459414974317,41.03476715965725,0.05757668691782498,0.9542134604803719,0.003315074876433238,0.9916946140302615,1.0
100021294|F|0-38:G>A-38:G>A,,,0.4263157894736842,-2.4222569337225432,42.88874713862044,-0.05647767993533554,0.9550864723014909,0.0031897283308782026,0.9916946140302615,1.0
100041229|F|0-52:A>T-52:A>T,,,0.46842105263157896,2.2062777739485084,39.91220579740042,0.055278272144312524,0.9560393014210797,0.003055687371260678,0.9916946140302615,1.0
100029049|F|0-10:A>G-10:A>G,,,0.1368421052631579,-2.7093456133258047,49.08680901361731,-0.055194983494938475,0.9561054696708685,0.0030464862030065306,0.9916946140302615,1.0
100035973|F|0-34:C>T-34:C>T,,,0.05263157894736842,4.028767418700817,73.2288993872306,0.05501608589522704,0.9562475950109196,0.0030267697072309994,0.9916946140302615,1.0
100051141|F|0-11:G>A-11:G>A,,,0.3473684210526316,3.228660375676071,58.816195531387194,0.05489407035776566,0.9563445311630349,0.0030133589604433267,0.9916946140302615,1.0
100034507|F|0-30:A>G-30:A>G,,,0.17894736842105263,2.5596071629853063,46.78955526137787,0.05470466963592016,0.956495003276415,0.0029926008799751654,0.9916946140302615,1.0
100041682|F|0-43:T>C-43:T>C,,,0.06842105263157895,-3.8643679947809115,72.54110619737858,-0.0532714235741908,0.9576337168282407,0.002837844569620851,0.9916946140302615,1.0
100051143|F|0-41:A>G-41:A>G,,,0.43157894736842106,-2.031499639038802,38.80000780035219,-0.05235822759345842,0.9583592967500725,0.002741383996728391,0.9916946140302615,1.0
100019511|F|0-33:G>A-33:G>A,,,0.23684210526315788,-2.7217633091245252,52.437141420286665,-0.05190525714034329,0.9587192175041213,0.002694155718805158,0.9916946140302615,1.0
100017777|F|0-23:A>G-23:A>G,,,0.15789473684210525,2.3343221677024584,45.073902375074006,0.051788774539152066,0.9588117735045911,0.0026820771682671252,0.9916946140302615,1.0
100015147|F|0-16:C>G-16:C>G,,,0.4263157894736842,1.966311042400976,40.35400143996603,0.048726544388075714,0.9612451920076002,0.0023742761280031127,0.9916946140302615,1.0
100017988|F|0-49:T>G-49:T>G,,,0.16842105263157894,2.23401833885171,46.41213346016098,0.04813435996794536,0.9617158177845055,0.0023169166095237405,0.9916946140302615,1.0
100034184|F|0-46:T>C-46:T>C,,,0.1947368421052632,2.318530701952229,49.48374794109028,0.046854387519563154,0.9627330943632896,0.0021953336298333953,0.9916946140302615,1.0
100029472|F|0-28:G>A-28:G>A,,,0.20526315789473684,-2.035307427136422,44.12623872399352,-0.046124652496831314,0.9633130895230867,0.002127483567953447,0.9916946140302615,1.0
100034045|F|0-65:A>T-65:A>T,,,0.29473684210526313,1.9603594171085406,42.52038411223865,0.046103991251205324,0.9633295114198627,0.002125578009291217,0.9916946140302615,1.0
100019637|F|0-48:C>G-48:C>G,,,0.05789473684210526,2.9248986736166525,64.19400531225848,0.04556342386472206,0.9637591688406867,0.0020760255942763235,0.9916946140302615,1.0
100013718|F|0-18:C>A-18:C>A,,,0.07368421052631578,-2.711687789978361,62.387061014269435,-0.04346554791799107,0.9654267169563604,0.001889253855811178,0.9916946140302615,1.0
100043188|F|0-42:C>T-42:C>T,,,0.37894736842105264,2.0206270869537186,46.51224090036574,0.04344290981984981,0.9654447122553541,0.0018872864136156029,0.9916946140302615,1.0
100059450|F|0-16:C>T-16:C>T,,,0.09195402298850573,-2.215269691405369,51.43250158240007,-0.04307139694257887,0.9657400349005236,0.001855145234585192,0.9916946140302615,1.0
100017910|F|0-52:G>A-52:G>A,,,0.2736842105263158,1.6553187327881687,38.519319499553795,0.042973727321619574,0.9658176751328877,0.0018467412399129127,0.9916946140302615,1.0
100020809|F|0-53:C>G-53:C>G,,,0.1,2.564076585890325,59.95039190628542,0.042769972044528,0.9659796467921746,0.001829270508689707,0.9916946140302615,1.0
100017840|F|0-30:G>A-30:G>A,,,0.07894736842105263,2.51127414633285,59.239350678040196,0.04239199311925899,0.9662801182381416,0.0017970810806233013,0.9916946140302615,1.0
100034274|F|0-23:G>T-23:G>T,,,0.4631578947368421,-1.840433516459381,43.52023064429318,-0.04228914895929481,0.9663618742581384,0.0017883721197014253,0.9916946140302615,1.0
100038434|F|0-16:C>A-16:C>A,,,0.09473684210526316,-3.000439427681525,71.15731438259239,-0.042166282605172904,0.9664595474033396,0.0017779953887393071,0.9916946140302615,1.0
100035126|F|0-11:T>C-11:T>C,Vu04 (old11),37919761.0,0.5,1.5874654910733652,37.87972754836416,0.04190804933975614,0.9666648327322261,0.0017562845994634354,0.9916946140302615,1.0
100022144|F|0-13:T>A-13:T>A,,,0.33695652173913043,1.3338617110162747,32.1235339406856,0.041522882055230276,0.9669710298028986,0.0017241497341725644,0.9916946140302615,1.0
100029321|F|0-48:C>A-48:C>A,,,0.05789473684210526,3.0508399142412914,73.87833955674837,0.04129545862218305,0.96715182731197,0.0017053149028164322,0.9916946140302615,1.0
100052891|F|0-8:C>T-8:C>T,,,0.4105263157894737,-1.868769436812306,45.39357915694253,-0.041168144735872735,0.9672530402952194,0.001694816140993766,0.9916946140302615,1.0
100015729|F|0-42:C>A-42:C>A,Vu08 (old5),34737627.0,0.43157894736842106,-1.5607818297888656,39.30669540270562,-0.039707785500620624,0.9684140459837911,0.0015767082293632975,0.9916946140302615,1.0
100028511|F|0-5:C>A-5:C>A,,,0.3157894736842105,-1.8319013234087742,46.89999985727751,-0.039059729829071986,0.9689292811161038,0.0015256624943200958,0.9916946140302615,1.0
100019659|F|0-63:G>T-63:G>T,,,0.10526315789473684,-2.2940764585242044,59.18479449609638,-0.03876124734496651,0.9691665933594512,0.0015024342957376735,0.9916946140302615,1.0
100015622|F|0-52:A>G-52:A>G,,,0.3,1.6313340683526143,42.20817105755413,0.03864972178321025,0.9692552638699287,0.001493800993919557,0.9916946140302615,1.0
100017865|F|0-21:A>G-21:A>G,,,0.13157894736842105,-1.84800192495557,51.316331226510904,-0.03601196501750032,0.9713525725614822,0.0012968616244216668,0.9929181050249428,1.0
100013459|F|0-42:G>A-42:G>A,,,0.05789473684210526,2.59367103130031,74.9918641056278,0.03458603226140723,0.9724864318107819,0.0011961936275871018,0.9929181050249428,1.0
100019896|F|0-32:C>T-32:C>T,Vu08 (old5),16375786.0,0.46842105263157896,1.379647594518405,40.22627325551138,0.034297176518318914,0.9727161282550322,0.0011762963171287263,0.9929181050249428,1.0
100021370|F|0-62:A>T-62:A>T,,,0.35789473684210527,-1.2951038688527192,38.63854477724322,-0.033518443210508564,0.9733353839612009,0.0011234860352560877,0.9929181050249428,1.0
100033004|F|0-55:C>G-55:C>G,,,0.06315789473684211,-2.164360302333386,65.14931584749509,-0.033221535394167966,0.9735714920420558,0.001103670413945955,0.9929181050249428,1.0
100020980|F|0-48:G>A-48:G>A,,,0.1736842105263158,-1.3517060044106524,44.81635971254893,-0.030160995071452985,0.9760054391503925,0.0009096856237002113,0.9947627506010728,1.0
100035083|F|0-24:G>C-24:G>C,,,0.34782608695652173,-1.0623445539667333,36.38229877527693,-0.029199489579493927,0.9767701408437811,0.0008526101917029744,0.9947645767940931,1.0
100034022|F|0-63:A>C-63:A>C,,,0.1802325581395349,-1.316111142752004,46.945900994706584,-0.028034633799027587,0.9776965994975629,0.0007859406922455799,0.9947645767940931,1.0
100028495|F|0-31:A>T-31:A>T,,,0.08947368421052632,1.661259814615663,60.22346649426237,0.027584925135020835,0.9780542799122057,0.0007609280947047042,0.9947645767940931,1.0
100035727|F|0-32:C>A-32:C>A,Vu08 (old5),17172753.0,0.22631578947368422,-1.5296177064554548,56.622706905839166,-0.027014210200143475,0.9785082103599974,0.0007297675527375357,0.9947645767940931,1.0
100014503|F|0-24:T>A-24:T>A,,,0.09473684210526316,-1.4085925465441487,56.819460846286404,-0.02479067075899949,0.9802768165857847,0.0006145773566811123,0.9948086376512326,1.0
100016059|F|0-15:A>T-15:A>T,,,0.08421052631578947,1.5726974922904668,64.31797164947332,0.024451913702464297,0.9805462732708642,0.0005978960837127612,0.9948086376512326,1.0
100034782|F|0-41:G>A-41:G>A,,,0.06818181818181818,-1.6265481686968075,67.38035993224042,-0.02413979637883368,0.9807945419775572,0.0005827297692115517,0.9948086376512326,1.0
100056408|F|0-52:A>T-52:A>T,,,0.4368421052631579,0.9303848277726278,39.06664805775265,0.023815322635236832,0.9810526414046411,0.0005671695922204238,0.9948086376512326,1.0
100018535|F|0-10:A>T-10:A>T,,,0.05263157894736842,1.469570471673113,73.64782148259695,0.019954025008334753,0.984124219506,0.00039816311403324876,0.9958697695270878,1.0
100013842|F|0-67:A>G-67:A>G,,,0.10526315789473684,-1.0898269489438959,58.76261471283182,-0.018546263713243406,0.9852441248971341,0.0003439638977211691,0.9958697695270878,1.0
100016551|F|0-65:A>C-65:A>C,Vu11 (old9),32255711.0,0.05789473684210526,1.4906642234575542,81.26220619010174,0.0183438807946015,0.985405127489202,0.0003364979626065497,0.9958697695270878,1.0
100040003|F|0-60:C>T-60:C>T,,,0.3,-0.7674118037007736,42.24376067199072,-0.018166275717246876,0.9855464189520513,0.0003300135734350335,0.9958697695270878,1.0
100029328|F|0-28:G>C-28:G>C,,,0.39473684210526316,-0.681576302229761,40.37354030568939,-0.01688175713769927,0.9865683148318694,0.00028499372405626025,0.9958697695270878,1.0
100046319|F|0-34:T>C-34:T>C,,,0.14130434782608697,-0.8289380542430629,49.108638157483774,-0.016879679122536188,0.986569968010792,0.00028492356727978404,0.9958697695270878,1.0
100038761|F|0-32:T>C-32:T>C,,,0.11052631578947368,-0.9165450216812341,58.183197662448386,-0.015752744065367433,0.9874665172119529,0.0002481489455889689,0.9958697695270878,1.0
100029224|F|0-12:A>G-12:A>G,,,0.1,-0.8546778000174897,54.87731264308066,-0.01557433771541023,0.9876084524243416,0.00024255999527364954,0.9958697695270878,1.0
100021093|F|0-30:G>T-30:G>T,,,0.09042553191489362,-0.9674533222170602,62.74689569005865,-0.015418345586303473,0.9877325558225925,0.00023772538061868378,0.9958697695270878,1.0
100039160|F|0-18:T>A-18:T>A,,,0.07894736842105263,-0.8921797088277986,61.95216717002546,-0.014401105717242207,0.988541853434762,0.0002073918458791862,0.9960545210986107,1.0
100035003|F|0-39:A>G-39:A>G,,,0.22105263157894736,-0.5148162769582059,41.12644092448366,-0.012517890325192767,0.9900401364901743,0.0001566975781935547,0.9966882899255407,1.0
100013120|F|0-6:A>G-6:A>G,,,0.08421052631578947,0.7154232884629375,67.92167169338278,0.010533063610279737,0.9916192998972081,0.00011094542901819921,0.9966882899255407,1.0
100019409|F|0-55:T>C-55:T>C,Vu08 (old5),17257027.0,0.2,-0.6177607194916662,62.651159404692336,-0.00986032382100495,0.992154551518062,9.722598585507767e-05,0.9966882899255407,1.0
100035334|F|0-35:T>C-35:T>C,,,0.43478260869565216,-0.43125001845047667,44.29651038186738,-0.009735530287437887,0.9922538413365855,9.478054997762042e-05,0.9966882899255407,1.0
100013996|F|0-45:C>T-45:C>T,Vu06 (old6),24104002.0,0.15934065934065922,-0.3485575463871478,43.400177162844884,-0.008031247086372489,0.9936098363621899,6.45009297623666e-05,0.9966882899255407,1.0
100020682|F|0-60:A>G-60:A>G,,,0.49473684210526314,0.292730074023324,38.99059361297228,0.00750771011411152,0.9940263870069955,5.6365711157532405e-05,0.9966882899255407,1.0
100020314|F|0-31:G>A-31:G>A,,,0.4052631578947368,0.2413069208642797,35.13958713443473,0.006867096074325049,0.994536091915062,4.7157008494010504e-05,0.9966882899255407,1.0
100017187|F|0-41:T>C-41:T>C,,,0.23684210526315788,0.3135014199678276,46.42866029588791,0.006752325351838631,0.9946274095482212,4.5593897657082694e-05,0.9966882899255407,1.0
100057963|F|0-26:C>T-26:C>T,,,0.15789473684210525,0.34241393309385,56.04553949775375,0.006109566187824342,0.9951388238889624,3.732679900340647e-05,0.9966882899255407,1.0
100020673|F|0-43:T>A-43:T>A,,,0.06842105263157895,0.37137853980565405,73.31021256656145,0.005065849992843272,0.9959692658014069,2.5662836149990178e-05,0.9966882899255407,1.0
100030243|F|0-51:A>G-51:A>G,,,0.15294117647058822,0.16134610721232642,38.479591635972106,0.00419303065216249,0.996663735585159,1.75815060499742e-05,0.9966882899255407,1.0
100017684|F|0-22:A>G-22:A>G,,,0.24210526315789474,-0.20496530391142842,49.244812306186724,-0.0041621704766996994,0.9966882899255407,1.7323663077110603e-05,0.9966882899255407,1.0
